0 0.9026442307692307 0.3918269230769231 0.19471153846153846 0.24519230769230768
0 0.9362980769230769 0.5961538461538461 0.12740384615384615 0.23557692307692307
0 0.9483173076923077 0.8040865384615384 0.10336538461538461 0.23317307692307693
0 0.8834134615384616 0.2548076923076923 0.15625 0.08173076923076923
0 0.7716346153846154 0.28725961538461536 0.14423076923076922 0.10336538461538461
0 0.7728365384615384 0.3894230769230769 0.22355769230769232 0.23076923076923078
0 0.7992788461538461 0.6081730769230769 0.19951923076923078 0.25
0 0.8209134615384616 0.8209134615384616 0.2091346153846154 0.25240384615384615
0 0.6959134615384616 0.6057692307692307 0.24278846153846154 0.2692307692307692
0 0.6754807692307693 0.8209134615384616 0.15384615384615385 0.23798076923076922
0 0.6802884615384616 0.3473557692307692 0.11057692307692307 0.11778846153846154
0 0.6117788461538461 0.3713942307692308 0.12740384615384615 0.11298076923076923
0 0.6382211538461539 0.46274038461538464 0.10817307692307693 0.15144230769230768
0 0.5348557692307693 0.5144230769230769 0.17067307692307693 0.20192307692307693
0 0.5360576923076923 0.6706730769230769 0.14423076923076922 0.1875
0 0.5540865384615384 0.8377403846153846 0.1466346153846154 0.20432692307692307
0 0.47475961538461536 0.40865384615384615 0.13701923076923078 0.15865384615384615
0 0.4423076923076923 0.5456730769230769 0.10096153846153846 0.1875
0 0.44711538461538464 0.6983173076923077 0.08653846153846154 0.18028846153846154
0 0.46153846153846156 0.8401442307692307 0.08173076923076923 0.16105769230769232
0 0.36177884615384615 0.49759615384615385 0.12740384615384615 0.15865384615384615
0 0.3870192307692308 0.5709134615384616 0.08173076923076923 0.18028846153846154
0 0.3942307692307692 0.703125 0.07211538461538461 0.17548076923076922
0 0.4098557692307692 0.8365384615384616 0.06971153846153846 0.16346153846153846
0 0.36658653846153844 0.8533653846153846 0.055288461538461536 0.125
0 0.3125 0.3858173076923077 0.10576923076923077 0.1658653846153846
0 0.3389423076923077 0.6201923076923077 0.057692307692307696 0.1346153846153846
0 0.3545673076923077 0.734375 0.055288461538461536 0.13701923076923078
0 0.3173076923076923 0.7475961538461539 0.052884615384615384 0.1346153846153846
0 0.3269230769230769 0.8557692307692307 0.04807692307692308 0.11538461538461539
0 0.3004807692307692 0.6622596153846154 0.057692307692307696 0.11298076923076923
0 0.2932692307692308 0.7560096153846154 0.028846153846153848 0.10817307692307693
0 0.3016826923076923 0.8521634615384616 0.026442307692307692 0.11298076923076923
0 0.28725961538461536 0.8545673076923077 0.03125 0.09375
0 0.28125 0.6346153846153846 0.0673076923076923 0.08653846153846154
0 0.2704326923076923 0.7019230769230769 0.03125 0.08173076923076923
0 0.25240384615384615 0.78125 0.0625 0.08653846153846154
0 0.26322115384615385 0.859375 0.036057692307692304 0.0889423076923077
0 0.23076923076923078 0.7235576923076923 0.038461538461538464 0.057692307692307696
0 0.22716346153846154 0.6862980769230769 0.036057692307692304 0.026442307692307692
0 0.23677884615384615 0.6622596153846154 0.026442307692307692 0.021634615384615384
0 0.15985576923076922 0.7259615384615384 0.026442307692307692 0.04807692307692308
0 0.16466346153846154 0.7692307692307693 0.026442307692307692 0.04807692307692308
0 0.25240384615384615 0.6586538461538461 0.014423076923076924 0.0625
0 0.25721153846153844 0.7151442307692307 0.014423076923076924 0.05048076923076923
0 0.16706730769230768 0.8112980769230769 0.026442307692307692 0.04567307692307692
0 0.16706730769230768 0.8617788461538461 0.021634615384615384 0.06490384615384616
0 0.12860576923076922 0.7079326923076923 0.036057692307692304 0.055288461538461536
0 0.13341346153846154 0.7608173076923077 0.036057692307692304 0.055288461538461536
0 0.13822115384615385 0.8112980769230769 0.036057692307692304 0.055288461538461536
0 0.14543269230769232 0.8641826923076923 0.036057692307692304 0.055288461538461536
0 0.14903846153846154 0.734375 0.009615384615384616 0.040865384615384616
0 0.17548076923076922 0.7307692307692307 0.014423076923076924 0.0673076923076923
0 0.18028846153846154 0.7860576923076923 0.014423076923076924 0.052884615384615384
0 0.17908653846153846 0.8581730769230769 0.016826923076923076 0.0625
0 0.11057692307692307 0.7331730769230769 0.014423076923076924 0.038461538461538464
0 0.10817307692307693 0.7728365384615384 0.03365384615384615 0.05048076923076923
0 0.11177884615384616 0.8185096153846154 0.03125 0.05048076923076923
0 0.11658653846153846 0.8629807692307693 0.03125 0.052884615384615384
0 0.09375 0.7632211538461539 0.014423076923076924 0.04567307692307692