0 0.90625 0.4050480769230769 0.1875 0.23798076923076922
0 0.9362980769230769 0.6105769230769231 0.12740384615384615 0.23076923076923078
0 0.9447115384615384 0.8209134615384616 0.11057692307692307 0.2283653846153846
0 0.8918269230769231 0.2668269230769231 0.15384615384615385 0.07692307692307693
0 0.7800480769230769 0.296875 0.14182692307692307 0.0985576923076923
0 0.7788461538461539 0.39903846153846156 0.21634615384615385 0.22596153846153846
0 0.7932692307692307 0.6165865384615384 0.19230769230769232 0.24278846153846154
0 0.8100961538461539 0.8317307692307693 0.20192307692307693 0.24519230769230768
0 0.6911057692307693 0.6105769230769231 0.23317307692307693 0.2644230769230769
0 0.6634615384615384 0.8269230769230769 0.14423076923076922 0.23557692307692307
0 0.6838942307692307 0.3545673076923077 0.10817307692307693 0.11298076923076923
0 0.6165865384615384 0.3762019230769231 0.12259615384615384 0.10817307692307693
0 0.6394230769230769 0.46875 0.10576923076923077 0.14903846153846154
0 0.5348557692307693 0.5168269230769231 0.1658653846153846 0.1971153846153846
0 0.53125 0.6730769230769231 0.13942307692307693 0.18269230769230768
0 0.5432692307692307 0.8377403846153846 0.13942307692307693 0.19951923076923078
0 0.47716346153846156 0.40865384615384615 0.13221153846153846 0.15384615384615385
0 0.4387019230769231 0.5444711538461539 0.09375 0.18509615384615385
0 0.4387019230769231 0.6971153846153846 0.07932692307692307 0.1778846153846154
0 0.4483173076923077 0.8377403846153846 0.07451923076923077 0.16105769230769232
0 0.36177884615384615 0.49278846153846156 0.12259615384615384 0.15384615384615385
0 0.38461538461538464 0.5661057692307693 0.07692307692307693 0.18028846153846154
0 0.3870192307692308 0.6995192307692307 0.0673076923076923 0.17307692307692307
0 0.39783653846153844 0.8341346153846154 0.06490384615384616 0.16346153846153846
0 0.3545673076923077 0.8473557692307693 0.05048076923076923 0.12259615384615384
0 0.31850961538461536 0.3786057692307692 0.0985576923076923 0.16105769230769232
0 0.33413461538461536 0.6153846153846154 0.052884615384615384 0.1346153846153846
0 0.3473557692307692 0.7283653846153846 0.05048076923076923 0.1346153846153846
0 0.3076923076923077 0.7427884615384616 0.04807692307692308 0.1346153846153846
0 0.31490384615384615 0.8473557692307693 0.04326923076923077 0.11298076923076923
0 0.2956730769230769 0.65625 0.052884615384615384 0.11057692307692307
0 0.2848557692307692 0.75 0.026442307692307692 0.10576923076923077
0 0.28966346153846156 0.8449519230769231 0.021634615384615384 0.11298076923076923
0 0.27403846153846156 0.8473557692307693 0.028846153846153848 0.09375
0 0.2776442307692308 0.6262019230769231 0.06490384615384616 0.08413461538461539
0 0.2644230769230769 0.6947115384615384 0.028846153846153848 0.08173076923076923
0 0.24158653846153846 0.7728365384615384 0.06009615384615385 0.08413461538461539
0 0.2512019230769231 0.8497596153846154 0.03125 0.0889423076923077
0 0.22355769230769232 0.7127403846153846 0.038461538461538464 0.055288461538461536
0 0.22235576923076922 0.6778846153846154 0.036057692307692304 0.02403846153846154
0 0.22956730769230768 0.6526442307692307 0.026442307692307692 0.021634615384615384
0 0.15384615384615385 0.7139423076923077 0.02403846153846154 0.04807692307692308
0 0.15504807692307693 0.7572115384615384 0.026442307692307692 0.04807692307692308
0 0.24639423076923078 0.6514423076923077 0.01201923076923077 0.0625
0 0.24879807692307693 0.7079326923076923 0.01201923076923077 0.05048076923076923
0 0.15865384615384615 0.7992788461538461 0.02403846153846154 0.04567307692307692
0 0.15625 0.8509615384615384 0.019230769230769232 0.0625
0 0.12139423076923077 0.6959134615384616 0.036057692307692304 0.055288461538461536
0 0.12620192307692307 0.7463942307692307 0.036057692307692304 0.055288461538461536
0 0.12740384615384615 0.796875 0.03365384615384615 0.055288461538461536
0 0.13221153846153846 0.8497596153846154 0.03365384615384615 0.055288461538461536
0 0.14182692307692307 0.7199519230769231 0.009615384615384616 0.040865384615384616
0 0.16706730769230768 0.7211538461538461 0.01201923076923077 0.0673076923076923
0 0.171875 0.7764423076923077 0.01201923076923077 0.052884615384615384
0 0.1658653846153846 0.8461538461538461 0.014423076923076924 0.0625
0 0.10216346153846154 0.7211538461538461 0.01201923076923077 0.038461538461538464
0 0.09735576923076923 0.7608173076923077 0.03125 0.05048076923076923
0 0.10216346153846154 0.8052884615384616 0.03125 0.04807692307692308
0 0.10336538461538461 0.8497596153846154 0.028846153846153848 0.05048076923076923
0 0.08413461538461539 0.7487980769230769 0.014423076923076924 0.04567307692307692