0 0.9038461538461539 0.5288461538461539 0.19230769230769232 0.25961538461538464
0 0.8942307692307693 0.7379807692307693 0.17307692307692307 0.24519230769230768
0 0.8449519230769231 0.9098557692307693 0.17067307692307693 0.18028846153846154
0 0.9302884615384616 0.390625 0.13942307692307693 0.0985576923076923
0 0.8257211538461539 0.38822115384615385 0.15144230769230768 0.11778846153846154
0 0.7956730769230769 0.484375 0.24519230769230768 0.25240384615384615
0 0.7463942307692307 0.6971153846153846 0.22355769230769232 0.2644230769230769
0 0.6983173076923077 0.8858173076923077 0.23317307692307693 0.2283653846153846
0 0.6502403846153846 0.6622596153846154 0.2668269230769231 0.29086538461538464
0 0.5625 0.8605769230769231 0.1778846153846154 0.25
0 0.7199519230769231 0.41466346153846156 0.12259615384615384 0.12740384615384615
0 0.6478365384615384 0.41586538461538464 0.13701923076923078 0.125
0 0.6418269230769231 0.5096153846153846 0.125 0.15865384615384615
0 0.5300480769230769 0.5264423076923077 0.18990384615384615 0.21634615384615385
0 0.47836538461538464 0.6742788461538461 0.16346153846153846 0.19951923076923078
0 0.4423076923076923 0.8353365384615384 0.16826923076923078 0.21394230769230768
0 0.5060096153846154 0.4050480769230769 0.15144230769230768 0.17067307692307693
0 0.43028846153846156 0.5252403846153846 0.1201923076923077 0.19471153846153846
0 0.38461538461538464 0.6694711538461539 0.10576923076923077 0.18509615384615385
0 0.35216346153846156 0.8088942307692307 0.0985576923076923 0.1658653846153846
0 0.36899038461538464 0.4519230769230769 0.14182692307692307 0.16826923076923078
0 0.36899038461538464 0.5300480769230769 0.10336538461538461 0.18509615384615385
0 0.33413461538461536 0.6586538461538461 0.09134615384615384 0.1778846153846154
0 0.30408653846153844 0.7884615384615384 0.0889423076923077 0.16826923076923078
0 0.25841346153846156 0.7896634615384616 0.06971153846153846 0.12740384615384615
0 0.36177884615384615 0.3293269230769231 0.12259615384615384 0.17307692307692307
0 0.31009615384615385 0.5612980769230769 0.07211538461538461 0.13701923076923078
0 0.28725961538461536 0.6754807692307693 0.06971153846153846 0.13942307692307693
0 0.24519230769230768 0.6742788461538461 0.0673076923076923 0.13701923076923078
0 0.22235576923076922 0.7800480769230769 0.06009615384615385 0.11778846153846154
0 0.25841346153846156 0.5889423076923077 0.06971153846153846 0.11538461538461539
0 0.21995192307692307 0.6742788461538461 0.040865384615384616 0.10817307692307693
0 0.19951923076923078 0.7680288461538461 0.038461538461538464 0.11298076923076923
0 0.18269230769230768 0.765625 0.04326923076923077 0.09375
0 0.24879807692307693 0.5552884615384616 0.07451923076923077 0.09134615384615384
0 0.21754807692307693 0.6165865384615384 0.040865384615384616 0.08413461538461539
0 0.17548076923076922 0.6850961538461539 0.07211538461538461 0.09134615384615384
0 0.15985576923076922 0.7620192307692307 0.04567307692307692 0.09134615384615384
0 0.171875 0.6213942307692307 0.04567307692307692 0.06009615384615385
0 0.18269230769230768 0.5877403846153846 0.038461538461538464 0.03125
0 0.1971153846153846 0.5673076923076923 0.028846153846153848 0.02403846153846154
0 0.10697115384615384 0.6021634615384616 0.03125 0.05048076923076923
0 0.09375 0.6454326923076923 0.03365384615384615 0.05048076923076923
0 0.2127403846153846 0.5697115384615384 0.021634615384615384 0.0625
0 0.19951923076923078 0.6237980769230769 0.019230769230769232 0.05048076923076923
0 0.08533653846153846 0.6850961538461539 0.03125 0.04807692307692308
0 0.0673076923076923 0.734375 0.028846153846153848 0.06490384615384616
0 0.08173076923076923 0.5769230769230769 0.04326923076923077 0.057692307692307696
0 0.06971153846153846 0.6274038461538461 0.04326923076923077 0.057692307692307696
0 0.05889423076923077 0.6754807692307693 0.040865384615384616 0.057692307692307696
0 0.046875 0.7283653846153846 0.040865384615384616 0.057692307692307696
0 0.09375 0.6069711538461539 0.014423076923076924 0.040865384615384616
0 0.11899038461538461 0.6141826923076923 0.021634615384615384 0.06490384615384616
0 0.10576923076923077 0.6682692307692307 0.019230769230769232 0.052884615384615384
0 0.08173076923076923 0.7331730769230769 0.02403846153846154 0.0625
0 0.056490384615384616 0.59375 0.016826923076923076 0.038461538461538464
0 0.040865384615384616 0.6322115384615384 0.038461538461538464 0.052884615384615384
0 0.028846153846153848 0.6754807692307693 0.038461538461538464 0.052884615384615384
0 0.020432692307692308 0.71875 0.036057692307692304 0.052884615384615384
0 0.030048076923076924 0.6165865384615384 0.021634615384615384 0.04567307692307692