0 0.90625 0.2692307692307692 0.057692307692307696 0.10096153846153846
0 0.921875 0.3389423076923077 0.06009615384615385 0.10096153846153846
0 0.9399038461538461 0.41346153846153844 0.057692307692307696 0.10576923076923077
0 0.9579326923076923 0.4879807692307692 0.055288461538461536 0.09615384615384616
0 0.9723557692307693 0.5564903846153846 0.05048076923076923 0.08413461538461539
0 0.8737980769230769 0.25961538461538464 0.055288461538461536 0.10096153846153846
0 0.8882211538461539 0.33653846153846156 0.055288461538461536 0.10576923076923077
0 0.9050480769230769 0.40865384615384615 0.055288461538461536 0.10576923076923077
0 0.9230769230769231 0.4879807692307692 0.057692307692307696 0.10096153846153846
0 0.9411057692307693 0.5612980769230769 0.05048076923076923 0.0889423076923077
0 0.8233173076923077 0.1778846153846154 0.055288461538461536 0.10576923076923077
0 0.8377403846153846 0.25600961538461536 0.05048076923076923 0.0985576923076923
0 0.8569711538461539 0.33052884615384615 0.05048076923076923 0.0985576923076923
0 0.875 0.41225961538461536 0.052884615384615384 0.10336538461538461
0 0.8930288461538461 0.4855769230769231 0.055288461538461536 0.10096153846153846
0 0.9098557692307693 0.5661057692307693 0.05048076923076923 0.09375
0 0.7860576923076923 0.16706730769230768 0.0625 0.11298076923076923
0 0.7992788461538461 0.24278846153846154 0.06009615384615385 0.10576923076923077
0 0.8233173076923077 0.3269230769230769 0.06009615384615385 0.10576923076923077
0 0.8413461538461539 0.4050480769230769 0.0625 0.11298076923076923
0 0.8617788461538461 0.4855769230769231 0.06009615384615385 0.10576923076923077
0 0.8774038461538461 0.5697115384615384 0.057692307692307696 0.10096153846153846
0 0.7427884615384616 0.15745192307692307 0.0625 0.11298076923076923
0 0.7644230769230769 0.23918269230769232 0.0625 0.11298076923076923
0 0.7824519230769231 0.3173076923076923 0.06009615384615385 0.10576923076923077
0 0.8028846153846154 0.4014423076923077 0.057692307692307696 0.10576923076923077
0 0.8221153846153846 0.4879807692307692 0.057692307692307696 0.10576923076923077
0 0.8389423076923077 0.5673076923076923 0.057692307692307696 0.10576923076923077
0 0.7019230769230769 0.14543269230769232 0.0673076923076923 0.12259615384615384
0 0.7235576923076923 0.23197115384615385 0.0625 0.11778846153846154
0 0.7415865384615384 0.3161057692307692 0.06490384615384616 0.11298076923076923
0 0.7632211538461539 0.4014423076923077 0.06009615384615385 0.10576923076923077
0 0.7848557692307693 0.484375 0.06490384615384616 0.11298076923076923
0 0.8016826923076923 0.5709134615384616 0.06490384615384616 0.11298076923076923
0 0.625 0.16947115384615385 0.15865384615384615 0.18028846153846154
0 0.6574519230769231 0.23798076923076922 0.11778846153846154 0.13942307692307693
0 0.6802884615384616 0.3161057692307692 0.10576923076923077 0.12259615384615384
0 0.7235576923076923 0.39783653846153844 0.0625 0.11298076923076923
0 0.7439903846153846 0.4831730769230769 0.06009615384615385 0.10576923076923077
0 0.7644230769230769 0.5685096153846154 0.0625 0.11778846153846154
0 0.6802884615384616 0.39663461538461536 0.07211538461538461 0.125
0 0.7007211538461539 0.48197115384615385 0.06971153846153846 0.11298076923076923
0 0.7211538461538461 0.5721153846153846 0.07211538461538461 0.11538461538461539
0 0.6117788461538461 0.2956730769230769 0.07451923076923077 0.1201923076923077
0 0.6334134615384616 0.39302884615384615 0.06971153846153846 0.11778846153846154
0 0.6538461538461539 0.4831730769230769 0.07692307692307693 0.12980769230769232
0 0.6742788461538461 0.5733173076923077 0.06971153846153846 0.11298076923076923
0 0.5180288461538461 0.10216346153846154 0.07932692307692307 0.13221153846153846
0 0.5360576923076923 0.19230769230769232 0.07692307692307693 0.12980769230769232
0 0.5625 0.2932692307692308 0.07692307692307693 0.1346153846153846
0 0.5793269230769231 0.38461538461538464 0.07692307692307693 0.12980769230769232
0 0.6021634615384616 0.484375 0.07932692307692307 0.13701923076923078
0 0.6237980769230769 0.5817307692307693 0.07451923076923077 0.1201923076923077
0 0.43149038461538464 0.1045673076923077 0.1466346153846154 0.15625
0 0.4723557692307692 0.18870192307692307 0.10336538461538461 0.13701923076923078
0 0.5072115384615384 0.2824519230769231 0.08173076923076923 0.12740384615384615
0 0.5264423076923077 0.37740384615384615 0.07692307692307693 0.12980769230769232
0 0.5504807692307693 0.48197115384615385 0.08173076923076923 0.14182692307692307
0 0.5721153846153846 0.5805288461538461 0.08173076923076923 0.12740384615384615
0 0.40024038461538464 0.27884615384615385 0.2091346153846154 0.27884615384615385
0 0.4170673076923077 0.36538461538461536 0.19951923076923078 0.24519230769230768
0 0.43509615384615385 0.4495192307692308 0.1971153846153846 0.23557692307692307
0 0.45552884615384615 0.5324519230769231 0.19471153846153846 0.21875
0 0.47716346153846156 0.625 0.18990384615384615 0.20192307692307693
0 0.3317307692307692 0.30649038461538464 0.10576923076923077 0.12740384615384615
0 0.3329326923076923 0.36899038461538464 0.0889423076923077 0.12740384615384615
0 0.33774038461538464 0.4362980769230769 0.06490384615384616 0.12259615384615384
0 0.3557692307692308 0.5060096153846154 0.0673076923076923 0.11778846153846154
0 0.36778846153846156 0.5685096153846154 0.0673076923076923 0.11778846153846154
0 0.3798076923076923 0.6334134615384616 0.0673076923076923 0.11778846153846154
0 0.39663461538461536 0.6959134615384616 0.0673076923076923 0.11778846153846154
0 0.2920673076923077 0.3858173076923077 0.05048076923076923 0.10817307692307693
0 0.30408653846153844 0.4387019230769231 0.05048076923076923 0.10817307692307693
0 0.31971153846153844 0.5036057692307693 0.04807692307692308 0.0985576923076923
0 0.3317307692307692 0.5564903846153846 0.04807692307692308 0.10336538461538461
0 0.3449519230769231 0.6153846153846154 0.040865384615384616 0.08653846153846154
0 0.35697115384615385 0.6694711538461539 0.04567307692307692 0.09375
0 0.36899038461538464 0.7307692307692307 0.040865384615384616 0.07692307692307693
0 0.2704326923076923 0.5793269230769231 0.05048076923076923 0.0673076923076923
0 0.28125 0.6189903846153846 0.04807692307692308 0.04567307692307692
0 0.28846153846153844 0.65625 0.04807692307692308 0.0625
0 0.2980769230769231 0.6971153846153846 0.04807692307692308 0.0625
0 0.30408653846153844 0.7403846153846154 0.05048076923076923 0.057692307692307696
0 0.3088942307692308 0.7752403846153846 0.040865384615384616 0.04567307692307692
0 0.2764423076923077 0.765625 0.038461538461538464 0.06009615384615385
0 0.2848557692307692 0.8004807692307693 0.03125 0.04807692307692308
0 0.2920673076923077 0.8389423076923077 0.03125 0.04807692307692308
0 0.2548076923076923 0.7956730769230769 0.028846153846153848 0.04326923076923077