0 0.9591346153846154 0.41466346153846156 0.04807692307692308 0.0985576923076923
0 0.953125 0.484375 0.05048076923076923 0.0985576923076923
0 0.9447115384615384 0.5612980769230769 0.04807692307692308 0.10336538461538461
0 0.9362980769230769 0.6370192307692307 0.04567307692307692 0.09134615384615384
0 0.9290865384615384 0.7067307692307693 0.040865384615384616 0.08173076923076923
0 0.9302884615384616 0.3954326923076923 0.04326923076923077 0.0985576923076923
0 0.9206730769230769 0.4723557692307692 0.04326923076923077 0.10336538461538461
0 0.9134615384615384 0.546875 0.04326923076923077 0.10336538461538461
0 0.9038461538461539 0.6262019230769231 0.04807692307692308 0.0985576923076923
0 0.8966346153846154 0.7019230769230769 0.04326923076923077 0.08653846153846154
0 0.9110576923076923 0.3016826923076923 0.04326923076923077 0.10336538461538461
0 0.9002403846153846 0.3786057692307692 0.040865384615384616 0.0985576923076923
0 0.8930288461538461 0.45552884615384615 0.040865384615384616 0.0985576923076923
0 0.8834134615384616 0.5372596153846154 0.040865384615384616 0.10336538461538461
0 0.875 0.6141826923076923 0.04326923076923077 0.0985576923076923
0 0.8677884615384616 0.6947115384615384 0.038461538461538464 0.09134615384615384
0 0.8786057692307693 0.2776442307692308 0.05048076923076923 0.10817307692307693
0 0.8665865384615384 0.3545673076923077 0.05048076923076923 0.10336538461538461
0 0.8617788461538461 0.4411057692307692 0.05048076923076923 0.10336538461538461
0 0.8545673076923077 0.5204326923076923 0.05048076923076923 0.10817307692307693
0 0.8473557692307693 0.6045673076923077 0.05048076923076923 0.10336538461538461
0 0.8341346153846154 0.6887019230769231 0.04807692307692308 0.0985576923076923
0 0.8425480769230769 0.25600961538461536 0.05048076923076923 0.10817307692307693
0 0.8329326923076923 0.3401442307692308 0.05048076923076923 0.10817307692307693
0 0.8257211538461539 0.41947115384615385 0.05048076923076923 0.10336538461538461
0 0.8173076923076923 0.5060096153846154 0.04807692307692308 0.10336538461538461
0 0.8076923076923077 0.5925480769230769 0.04807692307692308 0.10336538461538461
0 0.7980769230769231 0.6742788461538461 0.04807692307692308 0.10336538461538461
0 0.8064903846153846 0.23076923076923078 0.055288461538461536 0.1201923076923077
0 0.796875 0.31850961538461536 0.05048076923076923 0.11298076923076923
0 0.7896634615384616 0.40625 0.055288461538461536 0.11057692307692307
0 0.7824519230769231 0.49158653846153844 0.05048076923076923 0.10336538461538461
0 0.7752403846153846 0.5769230769230769 0.055288461538461536 0.11057692307692307
0 0.7632211538461539 0.6658653846153846 0.055288461538461536 0.11057692307692307
0 0.7247596153846154 0.2283653846153846 0.14182692307692307 0.16826923076923078
0 0.7331730769230769 0.30408653846153844 0.10576923076923077 0.13221153846153846
0 0.7295673076923077 0.38341346153846156 0.09375 0.11298076923076923
0 0.7439903846153846 0.47475961538461536 0.05048076923076923 0.10817307692307693
0 0.7367788461538461 0.5637019230769231 0.05048076923076923 0.10336538461538461
0 0.7271634615384616 0.6502403846153846 0.05048076923076923 0.11298076923076923
0 0.7043269230769231 0.46153846153846156 0.057692307692307696 0.1201923076923077
0 0.6947115384615384 0.5480769230769231 0.057692307692307696 0.11057692307692307
0 0.6862980769230769 0.6394230769230769 0.06009615384615385 0.11057692307692307
0 0.6730769230769231 0.34134615384615385 0.0625 0.11538461538461539
0 0.6610576923076923 0.4423076923076923 0.057692307692307696 0.11538461538461539
0 0.6514423076923077 0.5324519230769231 0.0625 0.12740384615384615
0 0.6418269230769231 0.6274038461538461 0.057692307692307696 0.11057692307692307
0 0.6478365384615384 0.1310096153846154 0.06490384615384616 0.12740384615384615
0 0.6346153846153846 0.21995192307692307 0.0625 0.12740384615384615
0 0.6274038461538461 0.3233173076923077 0.0625 0.13221153846153846
0 0.6129807692307693 0.4170673076923077 0.0625 0.12740384615384615
0 0.6021634615384616 0.5180288461538461 0.06490384615384616 0.13221153846153846
0 0.5913461538461539 0.6153846153846154 0.0625 0.11538461538461539
0 0.5649038461538461 0.10336538461538461 0.1346153846153846 0.14423076923076922
0 0.5757211538461539 0.1971153846153846 0.0889423076923077 0.12980769230769232
0 0.5769230769230769 0.296875 0.0673076923076923 0.12259615384615384
0 0.5649038461538461 0.39302884615384615 0.0625 0.12740384615384615
0 0.5528846153846154 0.5012019230769231 0.0673076923076923 0.13701923076923078
0 0.5432692307692307 0.5997596153846154 0.0673076923076923 0.12259615384615384
0 0.47836538461538464 0.25721153846153844 0.18269230769230768 0.2644230769230769
0 0.4651442307692308 0.34615384615384615 0.17548076923076922 0.23076923076923078
0 0.45552884615384615 0.4326923076923077 0.17548076923076922 0.22115384615384615
0 0.4483173076923077 0.5180288461538461 0.17548076923076922 0.20432692307692307
0 0.4375 0.6105769230769231 0.17307692307692307 0.1875
0 0.4026442307692308 0.2608173076923077 0.09375 0.11778846153846154
0 0.3858173076923077 0.32091346153846156 0.07451923076923077 0.12259615384615384
0 0.36899038461538464 0.3870192307692308 0.05048076923076923 0.1201923076923077
0 0.36177884615384615 0.45913461538461536 0.055288461538461536 0.11538461538461539
0 0.35216346153846156 0.5216346153846154 0.055288461538461536 0.11538461538461539
0 0.3449519230769231 0.5889423076923077 0.055288461538461536 0.11538461538461539
0 0.33774038461538464 0.6514423076923077 0.055288461538461536 0.11538461538461539
0 0.34134615384615385 0.3233173076923077 0.038461538461538464 0.10817307692307693
0 0.33653846153846156 0.3786057692307692 0.038461538461538464 0.10817307692307693
0 0.328125 0.44471153846153844 0.036057692307692304 0.09615384615384616
0 0.3233173076923077 0.5 0.036057692307692304 0.10096153846153846
0 0.3161057692307692 0.5588942307692307 0.03125 0.08413461538461539
0 0.3088942307692308 0.6153846153846154 0.036057692307692304 0.09134615384615384
0 0.3004807692307692 0.6742788461538461 0.03365384615384615 0.07451923076923077
0 0.25721153846153844 0.5012019230769231 0.04326923076923077 0.06490384615384616
0 0.2548076923076923 0.5408653846153846 0.04326923076923077 0.04326923076923077
0 0.25 0.5793269230769231 0.04326923076923077 0.057692307692307696
0 0.24519230769230768 0.6201923076923077 0.04326923076923077 0.057692307692307696
0 0.23677884615384615 0.6622596153846154 0.04567307692307692 0.055288461538461536
0 0.23076923076923078 0.6983173076923077 0.038461538461538464 0.040865384615384616
0 0.20072115384615385 0.6778846153846154 0.03125 0.057692307692307696
0 0.19831730769230768 0.7151442307692307 0.026442307692307692 0.04567307692307692
0 0.1935096153846154 0.7536057692307693 0.026442307692307692 0.04567307692307692
0 0.17307692307692307 0.7007211538461539 0.02403846153846154 0.040865384615384616