0 0.4230769230769231 0.4230769230769231 0.02403846153846154 0.02403846153846154
0 0.40625 0.4495192307692308 0.04807692307692308 0.04326923076923077
0 0.43990384615384615 0.4519230769230769 0.04326923076923077 0.03365384615384615
0 0.43990384615384615 0.421875 0.02403846153846154 0.03125
0 0.45913461538461536 0.4675480769230769 0.052884615384615384 0.036057692307692304
0 0.47596153846153844 0.41225961538461536 0.02403846153846154 0.040865384615384616
0 0.46033653846153844 0.4182692307692308 0.021634615384615384 0.04326923076923077
0 0.4651442307692308 0.44711538461538464 0.016826923076923076 0.028846153846153848
0 0.48197115384615385 0.44471153846153844 0.021634615384615384 0.038461538461538464
0 0.49278846153846156 0.4050480769230769 0.02403846153846154 0.040865384615384616
0 0.5 0.43990384615384615 0.02403846153846154 0.038461538461538464
0 0.5300480769230769 0.39903846153846156 0.06490384615384616 0.04326923076923077
0 0.5372596153846154 0.43149038461538464 0.06490384615384616 0.04567307692307692
0 0.5048076923076923 0.4699519230769231 0.019230769230769232 0.03125
0 0.5444711538461539 0.46875 0.06490384615384616 0.04807692307692308
0 0.5829326923076923 0.3954326923076923 0.04567307692307692 0.04567307692307692
0 0.5865384615384616 0.42908653846153844 0.04807692307692308 0.040865384615384616
0 0.5949519230769231 0.4651442307692308 0.04567307692307692 0.040865384615384616
0 0.6550480769230769 0.38461538461538464 0.0889423076923077 0.057692307692307696
0 0.6586538461538461 0.4182692307692308 0.09134615384615384 0.052884615384615384
0 0.6646634615384616 0.4519230769230769 0.0889423076923077 0.057692307692307696
0 0.7163461538461539 0.34975961538461536 0.08653846153846154 0.055288461538461536
0 0.6694711538461539 0.35336538461538464 0.021634615384615384 0.03365384615384615
0 0.6526442307692307 0.3581730769230769 0.021634615384615384 0.028846153846153848
0 0.6334134615384616 0.36177884615384615 0.016826923076923076 0.021634615384615384
0 0.6189903846153846 0.3641826923076923 0.016826923076923076 0.016826923076923076
0 0.6081730769230769 0.3713942307692308 0.009615384615384616 0.01201923076923077
0 0.6009615384615384 0.37259615384615385 0.009615384615384616 0.009615384615384616
0 0.7283653846153846 0.38100961538461536 0.08173076923076923 0.055288461538461536
0 0.7355769230769231 0.41346153846153844 0.07692307692307693 0.052884615384615384
0 0.7415865384615384 0.4483173076923077 0.07451923076923077 0.05048076923076923
0 0.7932692307692307 0.390625 0.057692307692307696 0.040865384615384616
0 0.7980769230769231 0.4170673076923077 0.057692307692307696 0.040865384615384616
0 0.8028846153846154 0.44350961538461536 0.057692307692307696 0.040865384615384616
0 0.8401442307692307 0.3858173076923077 0.06009615384615385 0.040865384615384616
0 0.8497596153846154 0.41466346153846156 0.055288461538461536 0.040865384615384616
0 0.8545673076923077 0.4411057692307692 0.055288461538461536 0.040865384615384616
0 0.9254807692307693 0.3713942307692308 0.04807692307692308 0.036057692307692304
0 0.9278846153846154 0.3954326923076923 0.04807692307692308 0.036057692307692304
0 0.9338942307692307 0.4170673076923077 0.05048076923076923 0.036057692307692304
0 0.9399038461538461 0.4387019230769231 0.04326923076923077 0.03125
0 0.8870192307692307 0.3798076923076923 0.03365384615384615 0.028846153846153848
0 0.890625 0.40384615384615385 0.036057692307692304 0.028846153846153848
0 0.8954326923076923 0.4206730769230769 0.03125 0.02403846153846154
0 0.96875 0.35216346153846156 0.03365384615384615 0.026442307692307692
0 0.9663461538461539 0.37259615384615385 0.019230769230769232 0.028846153846153848
0 0.9711538461538461 0.3954326923076923 0.019230769230769232 0.03125
0 0.9723557692307693 0.4182692307692308 0.016826923076923076 0.02403846153846154
0 0.9783653846153846 0.37259615384615385 0.019230769230769232 0.028846153846153848
0 0.984375 0.3942307692307692 0.016826923076923076 0.028846153846153848
0 0.9879807692307693 0.41586538461538464 0.014423076923076924 0.02403846153846154