0 0.4387019230769231 0.4098557692307692 0.021634615384615384 0.021634615384615384
0 0.4170673076923077 0.4326923076923077 0.04567307692307692 0.038461538461538464
0 0.45072115384615385 0.4411057692307692 0.040865384615384616 0.03125
0 0.45552884615384615 0.41346153846153844 0.021634615384615384 0.028846153846153848
0 0.4651442307692308 0.46033653846153844 0.05048076923076923 0.03125
0 0.49278846153846156 0.4098557692307692 0.019230769230769232 0.040865384615384616
0 0.47475961538461536 0.4110576923076923 0.016826923076923076 0.04326923076923077
0 0.47596153846153844 0.4411057692307692 0.014423076923076924 0.026442307692307692
0 0.49158653846153844 0.4423076923076923 0.016826923076923076 0.038461538461538464
0 0.5096153846153846 0.4050480769230769 0.019230769230769232 0.040865384615384616
0 0.5120192307692307 0.43990384615384615 0.019230769230769232 0.038461538461538464
0 0.5492788461538461 0.4050480769230769 0.06009615384615385 0.036057692307692304
0 0.5504807692307693 0.43990384615384615 0.0625 0.038461538461538464
0 0.5108173076923077 0.47115384615384615 0.016826923076923076 0.028846153846153848
0 0.5504807692307693 0.47475961538461536 0.0625 0.040865384615384616
0 0.5997596153846154 0.41225961538461536 0.040865384615384616 0.040865384615384616
0 0.5997596153846154 0.44591346153846156 0.04567307692307692 0.036057692307692304
0 0.5985576923076923 0.48197115384615385 0.04326923076923077 0.036057692307692304
0 0.6730769230769231 0.41346153846153844 0.08653846153846154 0.04807692307692308
0 0.671875 0.44591346153846156 0.0889423076923077 0.04567307692307692
0 0.6706730769230769 0.4807692307692308 0.08653846153846154 0.04807692307692308
0 0.7403846153846154 0.3894230769230769 0.08173076923076923 0.04807692307692308
0 0.6923076923076923 0.3870192307692308 0.019230769230769232 0.03365384615384615
0 0.6730769230769231 0.38822115384615385 0.019230769230769232 0.026442307692307692
0 0.65625 0.3870192307692308 0.014423076923076924 0.019230769230769232
0 0.6394230769230769 0.38822115384615385 0.014423076923076924 0.016826923076923076
0 0.6274038461538461 0.390625 0.009615384615384616 0.01201923076923077
0 0.6201923076923077 0.3918269230769231 0.009615384615384616 0.009615384615384616
0 0.7451923076923077 0.4230769230769231 0.07692307692307693 0.04807692307692308
0 0.7463942307692307 0.45552884615384615 0.07451923076923077 0.04567307692307692
0 0.7475961538461539 0.4891826923076923 0.07211538461538461 0.04567307692307692
0 0.8088942307692307 0.44350961538461536 0.055288461538461536 0.036057692307692304
0 0.8088942307692307 0.4699519230769231 0.055288461538461536 0.036057692307692304
0 0.8088942307692307 0.4987980769230769 0.055288461538461536 0.036057692307692304
0 0.8557692307692307 0.44711538461538464 0.057692307692307696 0.03365384615384615
0 0.8605769230769231 0.47475961538461536 0.052884615384615384 0.036057692307692304
0 0.8605769230769231 0.5036057692307693 0.052884615384615384 0.036057692307692304
0 0.9411057692307693 0.4483173076923077 0.04567307692307692 0.03125
0 0.9411057692307693 0.4699519230769231 0.04567307692307692 0.03125
0 0.9399038461538461 0.49399038461538464 0.04807692307692308 0.03125
0 0.9435096153846154 0.5168269230769231 0.040865384615384616 0.028846153846153848
0 0.9026442307692307 0.4495192307692308 0.03125 0.02403846153846154
0 0.9014423076923077 0.4735576923076923 0.03365384615384615 0.02403846153846154
0 0.9014423076923077 0.49038461538461536 0.028846153846153848 0.019230769230769232
0 0.9855769230769231 0.4338942307692308 0.028846153846153848 0.021634615384615384
0 0.9819711538461539 0.45552884615384615 0.016826923076923076 0.026442307692307692
0 0.9819711538461539 0.47836538461538464 0.016826923076923076 0.028846153846153848
0 0.9807692307692307 0.5012019230769231 0.014423076923076924 0.021634615384615384
0 0.9915865384615384 0.45552884615384615 0.016826923076923076 0.026442307692307692
0 0.9927884615384616 0.47716346153846156 0.014423076923076924 0.026442307692307692
0 0.9939903846153846 0.5012019230769231 0.01201923076923077 0.021634615384615384