0 0.7716346153846154 0.5709134615384616 0.11057692307692307 0.10336538461538461
0 0.9170673076923077 0.5048076923076923 0.1658653846153846 0.13942307692307693
0 0.9266826923076923 0.4326923076923077 0.1466346153846154 0.11057692307692307
0 0.9230769230769231 0.5841346153846154 0.15384615384615385 0.1346153846153846
0 0.9302884615384616 0.65625 0.13942307692307693 0.1346153846153846
0 0.9387019230769231 0.734375 0.12259615384615384 0.12740384615384615
0 0.9435096153846154 0.8112980769230769 0.11298076923076923 0.13221153846153846
0 0.4387019230769231 0.6586538461538461 0.0985576923076923 0.08653846153846154
0 0.44471153846153844 0.8521634615384616 0.11057692307692307 0.07932692307692307
0 0.4579326923076923 0.9050480769230769 0.12259615384615384 0.10336538461538461
0 0.46274038461538464 0.9579326923076923 0.11778846153846154 0.08413461538461539
0 0.38221153846153844 0.8665865384615384 0.038461538461538464 0.04567307692307692
0 0.36177884615384615 0.6875 0.07451923076923077 0.057692307692307696