0 0.7163461538461539 0.6802884615384616 0.11538461538461539 0.11057692307692307
0 0.8822115384615384 0.6862980769230769 0.1875 0.15144230769230768
0 0.9170673076923077 0.6225961538461539 0.15144230769230768 0.1201923076923077
0 0.859375 0.7608173076923077 0.18509615384615385 0.1466346153846154
0 0.8413461538461539 0.8329326923076923 0.18269230769230768 0.1466346153846154
0 0.8233173076923077 0.9110576923076923 0.18028846153846154 0.13942307692307693
0 0.796875 0.9555288461538461 0.17548076923076922 0.0889423076923077
0 0.3762019230769231 0.6189903846153846 0.10336538461538461 0.09375
0 0.30288461538461536 0.7956730769230769 0.11538461538461539 0.08653846153846154
0 0.29086538461538464 0.8509615384615384 0.12980769230769232 0.11057692307692307
0 0.27283653846153844 0.9038461538461539 0.12259615384615384 0.10096153846153846
0 0.23918269230769232 0.7824519230769231 0.040865384615384616 0.04567307692307692
0 0.2956730769230769 0.6129807692307693 0.07692307692307693 0.0625