0 0.09735576923076923 0.7259615384615384 0.1658653846153846 0.27403846153846156
0 0.12860576923076922 0.4987980769230769 0.25721153846153844 0.28125
0 0.24519230769230768 0.5673076923076923 0.2692307692307692 0.2644230769230769
0 0.27524038461538464 0.7475961538461539 0.2764423076923077 0.27884615384615385
0 0.5 0.7355769230769231 0.27884615384615385 0.27884615384615385
0 0.47115384615384615 0.5528846153846154 0.27403846153846156 0.2548076923076923
0 0.3858173076923077 0.36538461538461536 0.3870192307692308 0.2980769230769231
0 0.47836538461538464 0.3112980769230769 0.38461538461538464 0.3293269230769231
0 0.7764423076923077 0.3004807692307692 0.4230769230769231 0.3269230769230769
0 0.7872596153846154 0.5096153846153846 0.37259615384615385 0.34134615384615385
0 0.8161057692307693 0.7151442307692307 0.36778846153846156 0.3245192307692308
0 0.9459134615384616 0.35336538461538464 0.10817307692307693 0.23076923076923078
0 0.9639423076923077 0.5456730769230769 0.07211538461538461 0.23076923076923078
0 0.04807692307692308 0.16466346153846154 0.09615384615384616 0.19471153846153846
0 0.05889423076923077 0.32211538461538464 0.11778846153846154 0.16346153846153846
0 0.12620192307692307 0.14783653846153846 0.14182692307692307 0.19471153846153846
0 0.15625 0.30408653846153844 0.13942307692307693 0.18028846153846154
0 0.22596153846153846 0.09975961538461539 0.12980769230769232 0.13221153846153846
0 0.24639423076923078 0.21153846153846154 0.13701923076923078 0.14423076923076922
0 0.31850961538461536 0.08052884615384616 0.12259615384615384 0.12740384615384615
0 0.33774038461538464 0.171875 0.12259615384615384 0.0985576923076923
0 0.01201923076923077 0.33533653846153844 0.02403846153846154 0.17067307692307693
0 0.41947115384615385 0.06850961538461539 0.11778846153846154 0.13221153846153846
0 0.4338942307692308 0.16706730769230768 0.11778846153846154 0.11298076923076923
0 0.5096153846153846 0.056490384615384616 0.1201923076923077 0.11298076923076923
0 0.5276442307692307 0.15625 0.11778846153846154 0.125
0 0.609375 0.0733173076923077 0.13701923076923078 0.1466346153846154
0 0.6334134615384616 0.171875 0.12259615384615384 0.09375
0 0.7548076923076923 0.04447115384615385 0.20673076923076922 0.0889423076923077
0 0.7740384615384616 0.12740384615384615 0.20192307692307693 0.17307692307692307
0 0.8725961538461539 0.13341346153846154 0.15865384615384615 0.15144230769230768
0 0.8774038461538461 0.025240384615384616 0.09615384615384616 0.05048076923076923