0 0.0625 0.6045673076923077 0.125 0.2668269230769231
0 0.13221153846153846 0.39302884615384615 0.2644230769230769 0.2668269230769231
0 0.23798076923076922 0.49399038461538464 0.2548076923076923 0.25240384615384615
0 0.21514423076923078 0.6754807692307693 0.2620192307692308 0.2644230769230769
0 0.43509615384615385 0.7259615384615384 0.2644230769230769 0.2644230769230769
0 0.4579326923076923 0.5408653846153846 0.2620192307692308 0.2403846153846154
0 0.42908653846153844 0.33774038461538464 0.37259615384615385 0.2764423076923077
0 0.53125 0.3125 0.3701923076923077 0.3076923076923077
0 0.8076923076923077 0.38100961538461536 0.38461538461538464 0.30528846153846156
0 0.7740384615384616 0.5865384615384616 0.3557692307692308 0.32211538461538464
0 0.7475961538461539 0.796875 0.3557692307692308 0.30528846153846156
0 0.9615384615384616 0.48197115384615385 0.07692307692307693 0.2283653846153846
0 0.9519230769230769 0.6766826923076923 0.09134615384615384 0.2283653846153846
0 0.13942307692307693 0.07091346153846154 0.125 0.14182692307692307
0 0.12259615384615384 0.2091346153846154 0.11538461538461539 0.15865384615384615
0 0.23798076923076922 0.07572115384615384 0.12980769230769232 0.15144230769230768
0 0.22355769230769232 0.21634615384615385 0.12980769230769232 0.17307692307692307
0 0.3449519230769231 0.05048076923076923 0.12259615384615384 0.10096153846153846
0 0.33653846153846156 0.15264423076923078 0.12980769230769232 0.13701923076923078
0 0.4411057692307692 0.052884615384615384 0.11778846153846154 0.10576923076923077
0 0.4338942307692308 0.140625 0.11778846153846154 0.09375
0 0.06971153846153846 0.0625 0.0625 0.125
0 0.052884615384615384 0.20072115384615385 0.0625 0.17067307692307693
0 0.5384615384615384 0.0625 0.11057692307692307 0.125
0 0.5288461538461539 0.16105769230769232 0.11057692307692307 0.10576923076923077
0 0.6334134615384616 0.06971153846153846 0.11298076923076923 0.125
0 0.6225961538461539 0.17668269230769232 0.11057692307692307 0.11778846153846154
0 0.7295673076923077 0.1045673076923077 0.12740384615384615 0.17548076923076922
0 0.7175480769230769 0.22115384615384615 0.11778846153846154 0.08653846153846154
0 0.8810096153846154 0.10216346153846154 0.19951923076923078 0.14182692307692307
0 0.8665865384615384 0.21634615384615385 0.19471153846153846 0.16346153846153846
0 0.9411057692307693 0.24759615384615385 0.11778846153846154 0.14423076923076922
0 0.9795673076923077 0.11177884615384616 0.040865384615384616 0.12259615384615384