0 0.24759615384615385 0.4723557692307692 0.04326923076923077 0.03125
0 0.25240384615384615 0.49158653846153844 0.04326923076923077 0.026442307692307692
0 0.31009615384615385 0.46033653846153844 0.057692307692307696 0.03125
0 0.3137019230769231 0.4807692307692308 0.055288461538461536 0.02403846153846154
0 0.32211538461538464 0.4963942307692308 0.04807692307692308 0.026442307692307692
0 0.2776442307692308 0.46634615384615385 0.016826923076923076 0.02403846153846154
0 0.27884615384615385 0.48677884615384615 0.019230769230769232 0.021634615384615384
0 0.20192307692307693 0.45913461538461536 0.04807692307692308 0.02403846153846154
0 0.2091346153846154 0.47475961538461536 0.04326923076923077 0.026442307692307692
0 0.21514423076923078 0.4987980769230769 0.036057692307692304 0.026442307692307692
0 0.18509615384615385 0.4855769230769231 0.019230769230769232 0.02403846153846154
0 0.24278846153846154 0.45072115384615385 0.038461538461538464 0.021634615384615384
0 0.28365384615384615 0.44471153846153844 0.057692307692307696 0.02403846153846154
0 0.27283653846153844 0.43028846153846156 0.04567307692307692 0.019230769230769232
0 0.24278846153846154 0.43509615384615385 0.019230769230769232 0.014423076923076924
0 0.140625 0.47475961538461536 0.016826923076923076 0.021634615384615384
0 0.14302884615384615 0.49038461538461536 0.016826923076923076 0.014423076923076924
0 0.14543269230769232 0.5012019230769231 0.016826923076923076 0.01201923076923077
0 0.34615384615384615 0.42908653846153844 0.0673076923076923 0.03125
0 0.3581730769230769 0.4483173076923077 0.052884615384615384 0.03125
0 0.3629807692307692 0.4699519230769231 0.052884615384615384 0.03125
0 0.36778846153846156 0.49038461538461536 0.052884615384615384 0.028846153846153848
0 0.4483173076923077 0.41346153846153844 0.06009615384615385 0.028846153846153848
0 0.41586538461538464 0.41947115384615385 0.014423076923076924 0.021634615384615384
0 0.4050480769230769 0.421875 0.016826923076923076 0.021634615384615384
0 0.3894230769230769 0.42427884615384615 0.019230769230769232 0.021634615384615384
0 0.3918269230769231 0.44591346153846156 0.019230769230769232 0.026442307692307692
0 0.40024038461538464 0.4675480769230769 0.021634615384615384 0.021634615384615384
0 0.40384615384615385 0.48677884615384615 0.019230769230769232 0.021634615384615384
0 0.453125 0.4338942307692308 0.06009615384615385 0.03125
0 0.4579326923076923 0.45552884615384615 0.06490384615384616 0.03125
0 0.46274038461538464 0.47475961538461536 0.06009615384615385 0.03125
0 0.421875 0.46274038461538464 0.021634615384615384 0.021634615384615384
0 0.42427884615384615 0.4795673076923077 0.021634615384615384 0.021634615384615384
0 0.41346153846153844 0.4423076923076923 0.02403846153846154 0.02403846153846154
0 0.5372596153846154 0.38100961538461536 0.06009615384615385 0.03125
0 0.5420673076923077 0.4050480769230769 0.06009615384615385 0.03125
0 0.5432692307692307 0.4230769230769231 0.0625 0.028846153846153848
0 0.546875 0.43990384615384615 0.06009615384615385 0.028846153846153848
0 0.5516826923076923 0.4579326923076923 0.06009615384615385 0.03125
0 0.5048076923076923 0.3918269230769231 0.014423076923076924 0.02403846153846154
0 0.5084134615384616 0.4098557692307692 0.01201923076923077 0.021634615384615384
0 0.5108173076923077 0.42908653846153844 0.01201923076923077 0.021634615384615384
0 0.5144230769230769 0.44711538461538464 0.014423076923076924 0.02403846153846154
0 0.5180288461538461 0.4651442307692308 0.01201923076923077 0.021634615384615384
0 0.4963942307692308 0.39302884615384615 0.01201923076923077 0.016826923076923076
0 0.5 0.4110576923076923 0.009615384615384616 0.019230769230769232
0 0.5036057692307693 0.42908653846153844 0.01201923076923077 0.021634615384615384
0 0.5060096153846154 0.4483173076923077 0.01201923076923077 0.021634615384615384
0 0.4891826923076923 0.3942307692307692 0.01201923076923077 0.019230769230769232
0 0.49158653846153844 0.41346153846153844 0.01201923076923077 0.019230769230769232
0 0.49399038461538464 0.43028846153846156 0.01201923076923077 0.019230769230769232
0 0.5 0.4495192307692308 0.014423076923076924 0.02403846153846154
0 0.4795673076923077 0.39783653846153844 0.01201923076923077 0.021634615384615384
0 0.484375 0.41466346153846156 0.01201923076923077 0.021634615384615384
0 0.4639423076923077 0.39783653846153844 0.02403846153846154 0.01201923076923077
0 0.5805288461538461 0.390625 0.026442307692307692 0.026442307692307692
0 0.5841346153846154 0.4110576923076923 0.02403846153846154 0.02403846153846154
0 0.5865384615384616 0.4326923076923077 0.02403846153846154 0.02403846153846154
0 0.5985576923076923 0.4483173076923077 0.04326923076923077 0.026442307692307692
0 0.609375 0.3786057692307692 0.016826923076923076 0.021634615384615384
0 0.6105769230769231 0.3954326923076923 0.019230769230769232 0.021634615384615384
0 0.6141826923076923 0.4110576923076923 0.016826923076923076 0.014423076923076924
0 0.6189903846153846 0.36899038461538464 0.01201923076923077 0.021634615384615384
0 0.6213942307692307 0.38822115384615385 0.01201923076923077 0.021634615384615384
0 0.625 0.40625 0.014423076923076924 0.02403846153846154
0 0.6298076923076923 0.4254807692307692 0.014423076923076924 0.02403846153846154
0 0.6310096153846154 0.44350961538461536 0.01201923076923077 0.021634615384615384
0 0.6274038461538461 0.36778846153846156 0.014423076923076924 0.02403846153846154
0 0.6310096153846154 0.3858173076923077 0.01201923076923077 0.021634615384615384
0 0.6346153846153846 0.40384615384615385 0.014423076923076924 0.02403846153846154
0 0.6370192307692307 0.4230769230769231 0.014423076923076924 0.02403846153846154
0 0.6454326923076923 0.34134615384615385 0.06009615384615385 0.028846153846153848
0 0.6598557692307693 0.35697115384615385 0.06009615384615385 0.03125
0 0.6622596153846154 0.3762019230769231 0.06009615384615385 0.03125
0 0.6670673076923077 0.39783653846153844 0.06009615384615385 0.03125
0 0.6694711538461539 0.4170673076923077 0.06009615384615385 0.03125
0 0.6550480769230769 0.4411057692307692 0.04567307692307692 0.026442307692307692
0 0.6887019230769231 0.43509615384615385 0.03125 0.02403846153846154
0 0.7139423076923077 0.35096153846153844 0.057692307692307696 0.028846153846153848
0 0.7163461538461539 0.36899038461538464 0.057692307692307696 0.03125
0 0.7211538461538461 0.38822115384615385 0.057692307692307696 0.03125
0 0.7235576923076923 0.4074519230769231 0.057692307692307696 0.03125
0 0.7271634615384616 0.4254807692307692 0.055288461538461536 0.03365384615384615
0 0.8401442307692307 0.33413461538461536 0.05048076923076923 0.02403846153846154
0 0.8461538461538461 0.34975961538461536 0.052884615384615384 0.03125
0 0.8473557692307693 0.3641826923076923 0.055288461538461536 0.03125
0 0.8497596153846154 0.3858173076923077 0.055288461538461536 0.03125
0 0.8533653846153846 0.4026442307692308 0.052884615384615384 0.03125
0 0.8978365384615384 0.3329326923076923 0.05048076923076923 0.026442307692307692
0 0.9026442307692307 0.3545673076923077 0.05048076923076923 0.03125
0 0.9050480769230769 0.375 0.05048076923076923 0.028846153846153848
0 0.9074519230769231 0.39302884615384615 0.05048076923076923 0.026442307692307692