0 0.24759615384615385 0.484375 0.04326923076923077 0.03125
0 0.25240384615384615 0.5048076923076923 0.04326923076923077 0.028846153846153848
0 0.3076923076923077 0.47115384615384615 0.057692307692307696 0.03365384615384615
0 0.3137019230769231 0.49158653846153844 0.055288461538461536 0.026442307692307692
0 0.32211538461538464 0.5072115384615384 0.04807692307692308 0.028846153846153848
0 0.2764423076923077 0.47836538461538464 0.019230769230769232 0.02403846153846154
0 0.27884615384615385 0.4987980769230769 0.019230769230769232 0.021634615384615384
0 0.19951923076923078 0.47475961538461536 0.04807692307692308 0.026442307692307692
0 0.2091346153846154 0.49038461538461536 0.04326923076923077 0.028846153846153848
0 0.21514423076923078 0.5144230769230769 0.036057692307692304 0.028846153846153848
0 0.18269230769230768 0.5 0.019230769230769232 0.02403846153846154
0 0.2403846153846154 0.4639423076923077 0.038461538461538464 0.02403846153846154
0 0.28125 0.4567307692307692 0.057692307692307696 0.028846153846153848
0 0.2692307692307692 0.44350961538461536 0.04807692307692308 0.021634615384615384
0 0.2403846153846154 0.4495192307692308 0.019230769230769232 0.014423076923076924
0 0.13942307692307693 0.49399038461538464 0.019230769230769232 0.021634615384615384
0 0.14302884615384615 0.5084134615384616 0.016826923076923076 0.016826923076923076
0 0.14543269230769232 0.5192307692307693 0.016826923076923076 0.014423076923076924
0 0.3425480769230769 0.4375 0.06971153846153846 0.03365384615384615
0 0.3557692307692308 0.45552884615384615 0.052884615384615384 0.03125
0 0.3629807692307692 0.47716346153846156 0.052884615384615384 0.03125
0 0.36538461538461536 0.4963942307692308 0.052884615384615384 0.03125
0 0.44350961538461536 0.4170673076923077 0.06009615384615385 0.03125
0 0.41225961538461536 0.42427884615384615 0.016826923076923076 0.021634615384615384
0 0.4014423076923077 0.4266826923076923 0.019230769230769232 0.021634615384615384
0 0.38461538461538464 0.42908653846153844 0.019230769230769232 0.021634615384615384
0 0.390625 0.453125 0.021634615384615384 0.026442307692307692
0 0.39783653846153844 0.47475961538461536 0.021634615384615384 0.021634615384615384
0 0.40384615384615385 0.49158653846153844 0.019230769230769232 0.021634615384615384
0 0.45072115384615385 0.43509615384615385 0.06009615384615385 0.03365384615384615
0 0.45552884615384615 0.4579326923076923 0.06490384615384616 0.036057692307692304
0 0.46033653846153844 0.47596153846153844 0.06009615384615385 0.03365384615384615
0 0.41947115384615385 0.4675480769230769 0.021634615384615384 0.021634615384615384
0 0.42427884615384615 0.484375 0.021634615384615384 0.021634615384615384
0 0.4098557692307692 0.44591346153846156 0.026442307692307692 0.026442307692307692
0 0.5300480769230769 0.3798076923076923 0.06009615384615385 0.03365384615384615
0 0.5348557692307693 0.4014423076923077 0.06009615384615385 0.03365384615384615
0 0.5408653846153846 0.41947115384615385 0.0625 0.03125
0 0.5444711538461539 0.4387019230769231 0.06009615384615385 0.03125
0 0.5492788461538461 0.4567307692307692 0.06009615384615385 0.03365384615384615
0 0.49759615384615385 0.3918269230769231 0.014423076923076924 0.02403846153846154
0 0.5024038461538461 0.4098557692307692 0.014423076923076924 0.021634615384615384
0 0.5072115384615384 0.4266826923076923 0.014423076923076924 0.021634615384615384
0 0.5108173076923077 0.44711538461538464 0.016826923076923076 0.02403846153846154
0 0.5144230769230769 0.46274038461538464 0.014423076923076924 0.021634615384615384
0 0.49158653846153844 0.3954326923076923 0.01201923076923077 0.016826923076923076
0 0.4951923076923077 0.4110576923076923 0.009615384615384616 0.019230769230769232
0 0.4987980769230769 0.43028846153846156 0.01201923076923077 0.02403846153846154
0 0.5036057692307693 0.44711538461538464 0.01201923076923077 0.02403846153846154
0 0.484375 0.3954326923076923 0.01201923076923077 0.021634615384615384
0 0.4891826923076923 0.41466346153846156 0.01201923076923077 0.021634615384615384
0 0.49158653846153844 0.43149038461538464 0.01201923076923077 0.021634615384615384
0 0.49759615384615385 0.4495192307692308 0.014423076923076924 0.02403846153846154
0 0.4735576923076923 0.40024038461538464 0.014423076923076924 0.021634615384615384
0 0.47836538461538464 0.4170673076923077 0.014423076923076924 0.021634615384615384
0 0.4579326923076923 0.39903846153846156 0.026442307692307692 0.014423076923076924
0 0.5745192307692307 0.38822115384615385 0.028846153846153848 0.026442307692307692
0 0.578125 0.4074519230769231 0.026442307692307692 0.026442307692307692
0 0.5829326923076923 0.4266826923076923 0.026442307692307692 0.026442307692307692
0 0.5961538461538461 0.44471153846153844 0.04326923076923077 0.028846153846153848
0 0.6009615384615384 0.3713942307692308 0.019230769230769232 0.021634615384615384
0 0.6057692307692307 0.390625 0.019230769230769232 0.021634615384615384
0 0.609375 0.4050480769230769 0.016826923076923076 0.016826923076923076
0 0.6129807692307693 0.36177884615384615 0.014423076923076924 0.021634615384615384
0 0.6153846153846154 0.38100961538461536 0.014423076923076924 0.021634615384615384
0 0.6201923076923077 0.39903846153846156 0.014423076923076924 0.02403846153846154
0 0.625 0.4206730769230769 0.014423076923076924 0.02403846153846154
0 0.6298076923076923 0.4362980769230769 0.014423076923076924 0.021634615384615384
0 0.6201923076923077 0.3605769230769231 0.014423076923076924 0.02403846153846154
0 0.625 0.3786057692307692 0.014423076923076924 0.021634615384615384
0 0.6274038461538461 0.39663461538461536 0.014423076923076924 0.02403846153846154
0 0.6322115384615384 0.41586538461538464 0.014423076923076924 0.02403846153846154
0 0.6382211538461539 0.3329326923076923 0.06009615384615385 0.03125
0 0.6526442307692307 0.3485576923076923 0.06009615384615385 0.03365384615384615
0 0.6574519230769231 0.36778846153846156 0.06009615384615385 0.03365384615384615
0 0.6622596153846154 0.3894230769230769 0.06009615384615385 0.03365384615384615
0 0.6646634615384616 0.40865384615384615 0.06009615384615385 0.03365384615384615
0 0.6526442307692307 0.4326923076923077 0.04567307692307692 0.028846153846153848
0 0.6862980769230769 0.4254807692307692 0.03125 0.02403846153846154
0 0.7067307692307693 0.3401442307692308 0.057692307692307696 0.03125
0 0.7091346153846154 0.3581730769230769 0.057692307692307696 0.03365384615384615
0 0.7139423076923077 0.375 0.057692307692307696 0.03365384615384615
0 0.71875 0.3942307692307692 0.057692307692307696 0.03365384615384615
0 0.7223557692307693 0.41466346153846156 0.055288461538461536 0.036057692307692304
0 0.8305288461538461 0.3161057692307692 0.05048076923076923 0.026442307692307692
0 0.8365384615384616 0.3329326923076923 0.052884615384615384 0.03125
0 0.8401442307692307 0.34615384615384615 0.055288461538461536 0.03365384615384615
0 0.8425480769230769 0.36778846153846156 0.055288461538461536 0.03365384615384615
0 0.8485576923076923 0.38341346153846156 0.052884615384615384 0.03125
0 0.8882211538461539 0.3125 0.05048076923076923 0.028846153846153848
0 0.8942307692307693 0.33413461538461536 0.052884615384615384 0.03365384615384615
0 0.8990384615384616 0.35216346153846156 0.052884615384615384 0.03125
0 0.9026442307692307 0.37259615384615385 0.05048076923076923 0.028846153846153848