0 0.11538461538461539 0.4375 0.052884615384615384 0.02403846153846154
0 0.1141826923076923 0.45552884615384615 0.04567307692307692 0.021634615384615384
0 0.16706730769230768 0.4423076923076923 0.05048076923076923 0.02403846153846154
0 0.16706730769230768 0.46033653846153844 0.05048076923076923 0.021634615384615384
0 0.1658653846153846 0.47475961538461536 0.04807692307692308 0.021634615384615384
0 0.22115384615384615 0.44471153846153844 0.052884615384615384 0.02403846153846154
0 0.22115384615384615 0.46153846153846156 0.052884615384615384 0.02403846153846154
0 0.21875 0.47716346153846156 0.04807692307692308 0.021634615384615384
0 0.27283653846153844 0.4519230769230769 0.04567307692307692 0.019230769230769232
0 0.27403846153846156 0.4675480769230769 0.04807692307692308 0.021634615384615384
0 0.27283653846153844 0.4807692307692308 0.05048076923076923 0.02403846153846154
0 0.3137019230769231 0.45552884615384615 0.026442307692307692 0.016826923076923076
0 0.3112980769230769 0.47115384615384615 0.026442307692307692 0.019230769230769232
0 0.3112980769230769 0.4855769230769231 0.026442307692307692 0.014423076923076924
0 0.3389423076923077 0.45552884615384615 0.02403846153846154 0.016826923076923076
0 0.33653846153846156 0.4699519230769231 0.02403846153846154 0.016826923076923076
0 0.33653846153846156 0.4879807692307692 0.02403846153846154 0.019230769230769232
0 0.38221153846153844 0.4387019230769231 0.04807692307692308 0.021634615384615384
0 0.38100961538461536 0.4579326923076923 0.05048076923076923 0.021634615384615384
0 0.3786057692307692 0.47596153846153844 0.05048076923076923 0.019230769230769232
0 0.3786057692307692 0.49158653846153844 0.05048076923076923 0.021634615384615384
0 0.4338942307692308 0.46274038461538464 0.05048076923076923 0.026442307692307692
0 0.43149038461538464 0.4807692307692308 0.05048076923076923 0.02403846153846154
0 0.42908653846153844 0.4963942307692308 0.05048076923076923 0.021634615384615384
0 0.48677884615384615 0.4483173076923077 0.05048076923076923 0.026442307692307692
0 0.4855769230769231 0.46875 0.052884615384615384 0.02403846153846154
0 0.484375 0.484375 0.05048076923076923 0.021634615384615384
0 0.484375 0.4987980769230769 0.05048076923076923 0.021634615384615384
0 0.5384615384615384 0.4699519230769231 0.052884615384615384 0.026442307692307692
0 0.5384615384615384 0.4879807692307692 0.052884615384615384 0.02403846153846154
0 0.5360576923076923 0.5060096153846154 0.052884615384615384 0.026442307692307692
0 0.5913461538461539 0.4735576923076923 0.052884615384615384 0.02403846153846154
0 0.5889423076923077 0.49038461538461536 0.052884615384615384 0.02403846153846154
0 0.5865384615384616 0.5072115384615384 0.052884615384615384 0.02403846153846154
0 0.6454326923076923 0.46274038461538464 0.05048076923076923 0.021634615384615384
0 0.6442307692307693 0.4795673076923077 0.052884615384615384 0.026442307692307692
0 0.6418269230769231 0.5 0.052884615384615384 0.02403846153846154
0 0.6418269230769231 0.5120192307692307 0.052884615384615384 0.02403846153846154
0 0.6959134615384616 0.4831730769230769 0.05048076923076923 0.02403846153846154
0 0.6947115384615384 0.4987980769230769 0.04807692307692308 0.021634615384615384
0 0.6935096153846154 0.5144230769230769 0.05048076923076923 0.02403846153846154