0 0.11057692307692307 0.5192307692307693 0.052884615384615384 0.028846153846153848
0 0.11298076923076923 0.5360576923076923 0.04807692307692308 0.02403846153846154
0 0.1622596153846154 0.5120192307692307 0.05048076923076923 0.028846153846153848
0 0.1658653846153846 0.5288461538461539 0.052884615384615384 0.02403846153846154
0 0.16706730769230768 0.5456730769230769 0.05048076923076923 0.02403846153846154
0 0.21634615384615385 0.5024038461538461 0.052884615384615384 0.028846153846153848
0 0.21875 0.5192307692307693 0.052884615384615384 0.028846153846153848
0 0.21995192307692307 0.5360576923076923 0.05048076923076923 0.02403846153846154
0 0.2692307692307692 0.4987980769230769 0.04807692307692308 0.021634615384615384
0 0.2704326923076923 0.5144230769230769 0.05048076923076923 0.02403846153846154
0 0.27283653846153844 0.5288461538461539 0.05048076923076923 0.028846153846153848
0 0.3076923076923077 0.4951923076923077 0.028846153846153848 0.019230769230769232
0 0.31009615384615385 0.5108173076923077 0.028846153846153848 0.021634615384615384
0 0.3125 0.5264423076923077 0.028846153846153848 0.014423076923076924
0 0.3329326923076923 0.49038461538461536 0.026442307692307692 0.019230769230769232
0 0.33533653846153844 0.5048076923076923 0.026442307692307692 0.019230769230769232
0 0.33774038461538464 0.5228365384615384 0.026442307692307692 0.021634615384615384
0 0.3713942307692308 0.46634615384615385 0.05048076923076923 0.02403846153846154
0 0.375 0.4831730769230769 0.052884615384615384 0.02403846153846154
0 0.37740384615384615 0.5012019230769231 0.052884615384615384 0.021634615384615384
0 0.3798076923076923 0.5168269230769231 0.052884615384615384 0.02403846153846154
0 0.4266826923076923 0.47716346153846156 0.05048076923076923 0.03125
0 0.42908653846153844 0.4951923076923077 0.05048076923076923 0.028846153846153848
0 0.43028846153846156 0.5096153846153846 0.052884615384615384 0.02403846153846154
0 0.47716346153846156 0.453125 0.05048076923076923 0.03125
0 0.4807692307692308 0.47115384615384615 0.052884615384615384 0.028846153846153848
0 0.4807692307692308 0.4879807692307692 0.052884615384615384 0.02403846153846154
0 0.4831730769230769 0.5024038461538461 0.052884615384615384 0.02403846153846154
0 0.53125 0.46274038461538464 0.052884615384615384 0.03125
0 0.5336538461538461 0.4807692307692308 0.052884615384615384 0.028846153846153848
0 0.5360576923076923 0.4987980769230769 0.052884615384615384 0.03125
0 0.5817307692307693 0.4543269230769231 0.052884615384615384 0.028846153846153848
0 0.5841346153846154 0.4735576923076923 0.052884615384615384 0.028846153846153848
0 0.5865384615384616 0.49038461538461536 0.052884615384615384 0.028846153846153848
0 0.6346153846153846 0.4326923076923077 0.052884615384615384 0.02403846153846154
0 0.6358173076923077 0.45072115384615385 0.055288461538461536 0.03125
0 0.640625 0.47115384615384615 0.055288461538461536 0.028846153846153848
0 0.640625 0.4831730769230769 0.055288461538461536 0.028846153846153848
0 0.6887019230769231 0.4423076923076923 0.05048076923076923 0.028846153846153848
0 0.6911057692307693 0.45913461538461536 0.05048076923076923 0.02403846153846154
0 0.6911057692307693 0.47596153846153844 0.05048076923076923 0.028846153846153848