0 0.11298076923076923 0.5540865384615384 0.052884615384615384 0.03125
0 0.11778846153846154 0.5697115384615384 0.04807692307692308 0.028846153846153848
0 0.1658653846153846 0.5420673076923077 0.052884615384615384 0.03125
0 0.16826923076923078 0.5576923076923077 0.052884615384615384 0.028846153846153848
0 0.171875 0.5745192307692307 0.05048076923076923 0.028846153846153848
0 0.21634615384615385 0.5276442307692307 0.052884615384615384 0.03125
0 0.22115384615384615 0.5444711538461539 0.052884615384615384 0.03125
0 0.22235576923076922 0.5600961538461539 0.05048076923076923 0.028846153846153848
0 0.2692307692307692 0.5204326923076923 0.04807692307692308 0.026442307692307692
0 0.27283653846153844 0.5336538461538461 0.05048076923076923 0.028846153846153848
0 0.2764423076923077 0.5492788461538461 0.052884615384615384 0.03125
0 0.3076923076923077 0.5108173076923077 0.028846153846153848 0.021634615384615384
0 0.31009615384615385 0.5264423076923077 0.028846153846153848 0.02403846153846154
0 0.31490384615384615 0.5420673076923077 0.028846153846153848 0.016826923076923076
0 0.3329326923076923 0.5036057692307693 0.026442307692307692 0.021634615384615384
0 0.33533653846153844 0.5204326923076923 0.026442307692307692 0.021634615384615384
0 0.3401442307692308 0.5360576923076923 0.026442307692307692 0.02403846153846154
0 0.36899038461538464 0.47596153846153844 0.05048076923076923 0.028846153846153848
0 0.37259615384615385 0.4951923076923077 0.052884615384615384 0.028846153846153848
0 0.37740384615384615 0.5108173076923077 0.052884615384615384 0.026442307692307692
0 0.38221153846153844 0.5288461538461539 0.052884615384615384 0.028846153846153848
0 0.4254807692307692 0.4855769230769231 0.052884615384615384 0.03365384615384615
0 0.42788461538461536 0.5012019230769231 0.052884615384615384 0.03125
0 0.4326923076923077 0.5168269230769231 0.052884615384615384 0.028846153846153848
0 0.4735576923076923 0.4543269230769231 0.052884615384615384 0.03365384615384615
0 0.47836538461538464 0.47475961538461536 0.052884615384615384 0.03125
0 0.4807692307692308 0.4879807692307692 0.052884615384615384 0.028846153846153848
0 0.4831730769230769 0.5048076923076923 0.052884615384615384 0.028846153846153848
0 0.5276442307692307 0.46153846153846156 0.055288461538461536 0.03365384615384615
0 0.53125 0.47716346153846156 0.052884615384615384 0.03125
0 0.5372596153846154 0.4951923076923077 0.055288461538461536 0.03365384615384615
0 0.5793269230769231 0.4483173076923077 0.052884615384615384 0.03125
0 0.5817307692307693 0.4651442307692308 0.052884615384615384 0.03125
0 0.5841346153846154 0.48197115384615385 0.052884615384615384 0.03125
0 0.6274038461538461 0.4206730769230769 0.052884615384615384 0.028846153846153848
0 0.6310096153846154 0.4387019230769231 0.055288461538461536 0.036057692307692304
0 0.6358173076923077 0.45913461538461536 0.055288461538461536 0.03365384615384615
0 0.6382211538461539 0.46875 0.055288461538461536 0.03365384615384615
0 0.6826923076923077 0.4266826923076923 0.052884615384615384 0.03125
0 0.6862980769230769 0.4423076923076923 0.05048076923076923 0.028846153846153848
0 0.6875 0.4579326923076923 0.052884615384615384 0.03125