0 0.7199519230769231 0.8774038461538461 0.43028846153846156 0.24519230769230768
0 0.49759615384615385 0.8557692307692307 0.15384615384615385 0.28365384615384615
0 0.7271634615384616 0.6682692307692307 0.5168269230769231 0.35096153846153844
0 0.7572115384615384 0.4362980769230769 0.4855769230769231 0.35336538461538464
0 0.7391826923076923 0.1875 0.5216346153846154 0.3605769230769231
0 0.4675480769230769 0.11899038461538461 0.13701923076923078 0.23798076923076922
0 0.38822115384615385 0.10576923076923077 0.12740384615384615 0.21153846153846154
0 0.421875 0.33774038461538464 0.14182692307692307 0.2668269230769231
0 0.38100961538461536 0.5552884615384616 0.14182692307692307 0.25961538461538464
0 0.33052884615384615 0.7716346153846154 0.13701923076923078 0.25961538461538464
0 0.30408653846153844 0.9182692307692307 0.10336538461538461 0.11538461538461539
0 0.5060096153846154 0.3713942307692308 0.1466346153846154 0.2668269230769231
0 0.45072115384615385 0.59375 0.1466346153846154 0.27403846153846156
0 0.4050480769230769 0.8149038461538461 0.16105769230769232 0.2692307692307692
0 0.38221153846153844 0.9495192307692307 0.11538461538461539 0.09134615384615384
0 0.23197115384615385 0.8894230769230769 0.11778846153846154 0.13942307692307693
0 0.2668269230769231 0.7391826923076923 0.1346153846153846 0.25240384615384615
0 0.30408653846153844 0.5216346153846154 0.13221153846153846 0.25
0 0.3449519230769231 0.30288461538461536 0.12259615384615384 0.24519230769230768
0 0.27163461538461536 0.27884615384615385 0.13942307692307693 0.24519230769230768
0 0.23197115384615385 0.49038461538461536 0.15625 0.2548076923076923
0 0.1875 0.6995192307692307 0.1346153846153846 0.25
0 0.15625 0.859375 0.11057692307692307 0.16105769230769232
0 0.16706730769230768 0.4567307692307692 0.12259615384615384 0.24519230769230768
0 0.12139423076923077 0.6622596153846154 0.11298076923076923 0.23798076923076922
0 0.08774038461538461 0.8365384615384616 0.12259615384615384 0.1875
0 0.10096153846153846 0.43028846153846156 0.125 0.2403846153846154
0 0.06009615384615385 0.6298076923076923 0.1201923076923077 0.2403846153846154
0 0.03365384615384615 0.8100961538461539 0.0673076923076923 0.1971153846153846
0 0.028846153846153848 0.5973557692307693 0.057692307692307696 0.21875
0 0.04567307692307692 0.4098557692307692 0.09134615384615384 0.2283653846153846
0 0.1875 0.23076923076923078 0.3076923076923077 0.27403846153846156
0 0.2283653846153846 0.078125 0.3076923076923077 0.15625