0 0.9507211538461539 0.7716346153846154 0.0889423076923077 0.1778846153846154
0 0.8569711538461539 0.7788461538461539 0.12740384615384615 0.19230769230769232
0 0.7367788461538461 0.7872596153846154 0.13701923076923078 0.18509615384615385
0 0.6237980769230769 0.7932692307692307 0.12259615384615384 0.19230769230769232
0 0.5144230769230769 0.7980769230769231 0.11057692307692307 0.1778846153846154
0 0.4026442307692308 0.8028846153846154 0.12259615384615384 0.1971153846153846
0 0.296875 0.8100961538461539 0.11778846153846154 0.19230769230769232
0 0.18509615384615385 0.8245192307692307 0.11057692307692307 0.1778846153846154
0 0.08533653846153846 0.8245192307692307 0.11778846153846154 0.1971153846153846
0 0.026442307692307692 0.8221153846153846 0.052884615384615384 0.18269230769230768
0 0.028846153846153848 0.6538461538461539 0.057692307692307696 0.1778846153846154
0 0.0985576923076923 0.6550480769230769 0.10096153846153846 0.17067307692307693
0 0.1971153846153846 0.6646634615384616 0.11057692307692307 0.17067307692307693
0 0.30288461538461536 0.6394230769230769 0.1201923076923077 0.17307692307692307
0 0.4074519230769231 0.6334134615384616 0.11778846153846154 0.18028846153846154
0 0.5144230769230769 0.6382211538461539 0.11057692307692307 0.18509615384615385
0 0.6262019230769231 0.6213942307692307 0.13221153846153846 0.20432692307692307
0 0.7415865384615384 0.6081730769230769 0.13221153846153846 0.21153846153846154
0 0.8641826923076923 0.5985576923076923 0.14182692307692307 0.21153846153846154
0 0.9591346153846154 0.5889423076923077 0.08173076923076923 0.22115384615384615
0 0.8413461538461539 0.4206730769230769 0.3173076923076923 0.21153846153846154
0 0.6310096153846154 0.4326923076923077 0.12740384615384615 0.21153846153846154
0 0.5192307692307693 0.47115384615384615 0.1201923076923077 0.17307692307692307
0 0.4170673076923077 0.46274038461538464 0.12259615384615384 0.18028846153846154
0 0.9555288461538461 0.3485576923076923 0.0889423076923077 0.11538461538461539
0 0.8689903846153846 0.31971153846153844 0.10817307692307693 0.09615384615384616
0 0.9579326923076923 0.09014423076923077 0.08413461538461539 0.1466346153846154
0 0.8725961538461539 0.20072115384615385 0.11057692307692307 0.17067307692307693
0 0.8713942307692307 0.07572115384615384 0.10817307692307693 0.12740384615384615
0 0.7692307692307693 0.078125 0.11538461538461539 0.14182692307692307
0 0.7716346153846154 0.21033653846153846 0.11057692307692307 0.18990384615384615
0 0.6706730769230769 0.08413461538461539 0.11538461538461539 0.15384615384615385
0 0.6706730769230769 0.22235576923076922 0.11057692307692307 0.18990384615384615
0 0.5697115384615384 0.08774038461538461 0.11538461538461539 0.1658653846153846
0 0.5685096153846154 0.23677884615384615 0.11778846153846154 0.18509615384615385
0 0.47115384615384615 0.25 0.11057692307692307 0.1778846153846154
0 0.47596153846153844 0.09615384615384616 0.10096153846153846 0.1778846153846154
0 0.3870192307692308 0.1045673076923077 0.10096153846153846 0.18509615384615385
0 0.38461538461538464 0.2668269230769231 0.09615384615384616 0.1778846153846154
0 0.2932692307692308 0.4338942307692308 0.10576923076923077 0.1658653846153846
0 0.2956730769230769 0.27163461538461536 0.11057692307692307 0.1778846153846154
0 0.2980769230769231 0.12860576923076922 0.09134615384615384 0.1658653846153846
0 0.2091346153846154 0.13341346153846154 0.10096153846153846 0.18509615384615385
0 0.20432692307692307 0.28725961538461536 0.09134615384615384 0.17067307692307693
0 0.19951923076923078 0.44711538461538464 0.11057692307692307 0.1778846153846154
0 0.11538461538461539 0.46153846153846156 0.09134615384615384 0.15384615384615385
0 0.1201923076923077 0.3112980769230769 0.10096153846153846 0.17067307692307693
0 0.12259615384615384 0.15865384615384615 0.10576923076923077 0.1778846153846154