0 0.17427884615384615 0.13581730769230768 0.21394230769230768 0.13221153846153846
0 0.16947115384615385 0.20673076923076922 0.23317307692307693 0.14423076923076922
0 0.15144230769230768 0.2824519230769231 0.23557692307692307 0.15144230769230768
0 0.13341346153846154 0.36538461538461536 0.23798076923076922 0.14903846153846154
0 0.11538461538461539 0.44471153846153844 0.23076923076923078 0.14903846153846154
0 0.10576923076923077 0.5264423076923077 0.21153846153846154 0.14903846153846154
0 0.38461538461538464 0.2764423076923077 0.23076923076923078 0.14423076923076922
0 0.27403846153846156 0.25 0.04326923076923077 0.08173076923076923
0 0.36658653846153844 0.3557692307692308 0.23317307692307693 0.13942307692307693
0 0.34975961538461536 0.43149038461538464 0.23317307692307693 0.14182692307692307
0 0.3401442307692308 0.5120192307692307 0.21875 0.1346153846153846
0 0.31971153846153844 0.5901442307692307 0.21634615384615385 0.13221153846153846
0 0.42788461538461536 0.23677884615384615 0.028846153846153848 0.03125
0 0.4519230769230769 0.23798076923076922 0.03365384615384615 0.052884615384615384
0 0.47475961538461536 0.24158653846153846 0.036057692307692304 0.06490384615384616
0 0.49759615384615385 0.24519230769230768 0.04326923076923077 0.08173076923076923
0 0.6045673076923077 0.2704326923076923 0.2091346153846154 0.13701923076923078
0 0.5877403846153846 0.3473557692307692 0.2091346153846154 0.13701923076923078
0 0.5673076923076923 0.4206730769230769 0.21634615384615385 0.1346153846153846
0 0.5540865384615384 0.49399038461538464 0.21394230769230768 0.13221153846153846
0 0.5432692307692307 0.5673076923076923 0.20192307692307693 0.12980769230769232
0 0.5264423076923077 0.6430288461538461 0.20192307692307693 0.12740384615384615
0 0.7764423076923077 0.36177884615384615 0.19230769230769232 0.11298076923076923
0 0.7608173076923077 0.4254807692307692 0.19951923076923078 0.125
0 0.7475961538461539 0.4891826923076923 0.20192307692307693 0.12740384615384615
0 0.7331730769230769 0.5540865384615384 0.19230769230769232 0.11778846153846154
0 0.7271634615384616 0.6201923076923077 0.18509615384615385 0.125
0 0.7127403846153846 0.6923076923076923 0.18509615384615385 0.1201923076923077
0 0.9242788461538461 0.39663461538461536 0.15144230769230768 0.1201923076923077
0 0.9182692307692307 0.46274038461538464 0.16346153846153846 0.12259615384615384
0 0.9122596153846154 0.53125 0.17548076923076922 0.125
0 0.9026442307692307 0.5973557692307693 0.18509615384615385 0.12259615384615384
0 0.8966346153846154 0.6646634615384616 0.16346153846153846 0.11298076923076923
0 0.8810096153846154 0.7379807692307693 0.1658653846153846 0.11057692307692307