0 0.1346153846153846 0.7956730769230769 0.2644230769230769 0.40865384615384615
0 0.41346153846153844 0.5336538461538461 0.47596153846153844 0.3894230769230769
0 0.4519230769230769 0.6887019230769231 0.42788461538461536 0.3245192307692308
0 0.6754807692307693 0.5168269230769231 0.04807692307692308 0.125
0 0.7115384615384616 0.47115384615384615 0.028846153846153848 0.10576923076923077
0 0.5985576923076923 0.4014423076923077 0.22596153846153846 0.19230769230769232
0 0.6514423076923077 0.28966346153846156 0.15384615384615385 0.04567307692307692
0 0.6730769230769231 0.25841346153846156 0.10576923076923077 0.026442307692307692
0 0.6622596153846154 0.23798076923076922 0.09375 0.028846153846153848
0 0.6298076923076923 0.2403846153846154 0.10096153846153846 0.052884615384615384
0 0.5697115384615384 0.23798076923076922 0.04326923076923077 0.057692307692307696
0 0.5504807692307693 0.22596153846153846 0.08653846153846154 0.057692307692307696
0 0.49759615384615385 0.21754807692307693 0.07211538461538461 0.05048076923076923
0 0.40625 0.20673076923076922 0.08173076923076923 0.038461538461538464
0 0.40865384615384615 0.23197115384615385 0.08653846153846154 0.026442307692307692
0 0.3485576923076923 0.20432692307692307 0.052884615384615384 0.038461538461538464
0 0.34615384615384615 0.22956730769230768 0.04326923076923077 0.026442307692307692
0 0.3894230769230769 0.16105769230769232 0.019230769230769232 0.009615384615384616
0 0.3894230769230769 0.16826923076923078 0.019230769230769232 0.009615384615384616
0 0.40384615384615385 0.15865384615384615 0.014423076923076924 0.009615384615384616
0 0.40384615384615385 0.16826923076923078 0.014423076923076924 0.009615384615384616
0 0.4230769230769231 0.15865384615384615 0.02403846153846154 0.009615384615384616
0 0.4230769230769231 0.1658653846153846 0.02403846153846154 0.009615384615384616
0 0.4483173076923077 0.15865384615384615 0.026442307692307692 0.009615384615384616
0 0.4483173076923077 0.16346153846153846 0.026442307692307692 0.009615384615384616
0 0.4879807692307692 0.15625 0.03365384615384615 0.009615384615384616
0 0.47836538461538464 0.16346153846153846 0.03365384615384615 0.004807692307692308
0 0.5168269230769231 0.15625 0.02403846153846154 0.009615384615384616
0 0.5420673076923077 0.15384615384615385 0.026442307692307692 0.009615384615384616
0 0.5625 0.15384615384615385 0.019230769230769232 0.009615384615384616
0 0.5769230769230769 0.15144230769230768 0.009615384615384616 0.004807692307692308
0 0.59375 0.15144230769230768 0.019230769230769232 0.009615384615384616
0 0.59375 0.15865384615384615 0.019230769230769232 0.009615384615384616
0 0.6129807692307693 0.15144230769230768 0.019230769230769232 0.009615384615384616
0 0.6105769230769231 0.15625 0.019230769230769232 0.009615384615384616
0 0.6274038461538461 0.15144230769230768 0.014423076923076924 0.004807692307692308
0 0.6274038461538461 0.15625 0.014423076923076924 0.004807692307692308
0 0.6442307692307693 0.14903846153846154 0.014423076923076924 0.004807692307692308
0 0.6442307692307693 0.15625 0.014423076923076924 0.004807692307692308
0 0.7788461538461539 0.1466346153846154 0.019230769230769232 0.009615384615384616
0 0.7776442307692307 0.15144230769230768 0.021634615384615384 0.004807692307692308
0 0.7548076923076923 0.1466346153846154 0.019230769230769232 0.004807692307692308
0 0.7560096153846154 0.15144230769230768 0.021634615384615384 0.004807692307692308
0 0.734375 0.1466346153846154 0.021634615384615384 0.009615384615384616
0 0.734375 0.15144230769230768 0.021634615384615384 0.004807692307692308
0 0.7151442307692307 0.1466346153846154 0.021634615384615384 0.004807692307692308
0 0.7151442307692307 0.15144230769230768 0.021634615384615384 0.004807692307692308
0 0.6947115384615384 0.14903846153846154 0.019230769230769232 0.004807692307692308
0 0.6778846153846154 0.1466346153846154 0.019230769230769232 0.004807692307692308
0 0.6814903846153846 0.15384615384615385 0.021634615384615384 0.004807692307692308
0 0.6610576923076923 0.14903846153846154 0.014423076923076924 0.009615384615384616