0 0.12620192307692307 0.7319711538461539 0.25240384615384615 0.44471153846153844
0 0.40865384615384615 0.5180288461538461 0.5288461538461539 0.45913461538461536
0 0.4230769230769231 0.6790865384615384 0.47115384615384615 0.3870192307692308
0 0.6706730769230769 0.5456730769230769 0.0673076923076923 0.12980769230769232
0 0.7151442307692307 0.5060096153846154 0.04567307692307692 0.10817307692307693
0 0.6129807692307693 0.4182692307692308 0.2548076923076923 0.22596153846153846
0 0.6814903846153846 0.3161057692307692 0.16105769230769232 0.06971153846153846
0 0.7091346153846154 0.28846153846153844 0.11057692307692307 0.04326923076923077
0 0.7019230769230769 0.2668269230769231 0.09615384615384616 0.04326923076923077
0 0.6694711538461539 0.2644230769230769 0.10817307692307693 0.0673076923076923
0 0.609375 0.25240384615384615 0.05048076923076923 0.0625
0 0.59375 0.23677884615384615 0.09615384615384616 0.06971153846153846
0 0.5420673076923077 0.22235576923076922 0.07932692307692307 0.06009615384615385
0 0.453125 0.19471153846153846 0.0889423076923077 0.052884615384615384
0 0.4519230769230769 0.22235576923076922 0.09134615384615384 0.040865384615384616
0 0.39663461538461536 0.18389423076923078 0.057692307692307696 0.04567307692307692
0 0.390625 0.2091346153846154 0.04567307692307692 0.03365384615384615
0 0.44471153846153844 0.14783653846153846 0.019230769230769232 0.01201923076923077
0 0.4423076923076923 0.15504807692307693 0.019230769230769232 0.01201923076923077
0 0.45913461538461536 0.14783653846153846 0.014423076923076924 0.01201923076923077
0 0.4579326923076923 0.15745192307692307 0.016826923076923076 0.01201923076923077
0 0.47836538461538464 0.1502403846153846 0.02403846153846154 0.01201923076923077
0 0.47596153846153844 0.15745192307692307 0.02403846153846154 0.01201923076923077
0 0.5012019230769231 0.15384615384615385 0.026442307692307692 0.014423076923076924
0 0.5012019230769231 0.15985576923076922 0.026442307692307692 0.01201923076923077
0 0.5408653846153846 0.15865384615384615 0.03365384615384615 0.014423076923076924
0 0.53125 0.16466346153846154 0.03365384615384615 0.01201923076923077
0 0.5697115384615384 0.1622596153846154 0.02403846153846154 0.01201923076923077
0 0.5949519230769231 0.16346153846153846 0.026442307692307692 0.014423076923076924
0 0.6177884615384616 0.16706730769230768 0.019230769230769232 0.01201923076923077
0 0.6322115384615384 0.16826923076923078 0.009615384615384616 0.004807692307692308
0 0.6490384615384616 0.16947115384615385 0.019230769230769232 0.01201923076923077
0 0.6466346153846154 0.17668269230769232 0.019230769230769232 0.01201923076923077
0 0.6658653846153846 0.171875 0.019230769230769232 0.01201923076923077
0 0.6634615384615384 0.17908653846153846 0.019230769230769232 0.01201923076923077
0 0.6802884615384616 0.17427884615384615 0.014423076923076924 0.007211538461538462
0 0.6814903846153846 0.17908653846153846 0.016826923076923076 0.007211538461538462
0 0.6983173076923077 0.17668269230769232 0.016826923076923076 0.007211538461538462
0 0.6959134615384616 0.1814903846153846 0.016826923076923076 0.007211538461538462
0 0.8293269230769231 0.1935096153846154 0.019230769230769232 0.01201923076923077
0 0.8305288461538461 0.19951923076923078 0.021634615384615384 0.009615384615384616
0 0.8076923076923077 0.18990384615384615 0.019230769230769232 0.009615384615384616
0 0.8088942307692307 0.1971153846153846 0.021634615384615384 0.009615384615384616
0 0.7872596153846154 0.18629807692307693 0.021634615384615384 0.01201923076923077
0 0.7872596153846154 0.19230769230769232 0.021634615384615384 0.009615384615384616
0 0.7680288461538461 0.18509615384615385 0.021634615384615384 0.009615384615384616
0 0.7680288461538461 0.18990384615384615 0.021634615384615384 0.009615384615384616
0 0.7475961538461539 0.18269230769230768 0.019230769230769232 0.009615384615384616
0 0.7307692307692307 0.18028846153846154 0.019230769230769232 0.009615384615384616
0 0.7319711538461539 0.18629807692307693 0.021634615384615384 0.007211538461538462
0 0.7127403846153846 0.1778846153846154 0.016826923076923076 0.009615384615384616