0 0.09495192307692307 0.5600961538461539 0.021634615384615384 0.019230769230769232
0 0.09975961538461539 0.5721153846153846 0.021634615384615384 0.019230769230769232
0 0.11298076923076923 0.5576923076923077 0.02403846153846154 0.019230769230769232
0 0.11538461538461539 0.5673076923076923 0.02403846153846154 0.019230769230769232
0 0.14302884615384615 0.5456730769230769 0.04567307692307692 0.028846153846153848
0 0.1466346153846154 0.5625 0.04326923076923077 0.028846153846153848
0 0.18389423076923078 0.5360576923076923 0.04567307692307692 0.02403846153846154
0 0.18870192307692307 0.5528846153846154 0.04567307692307692 0.02403846153846154
0 0.19110576923076922 0.5204326923076923 0.026442307692307692 0.016826923076923076
0 0.22355769230769232 0.5108173076923077 0.04807692307692308 0.026442307692307692
0 0.22716346153846154 0.5252403846153846 0.05048076923076923 0.03125
0 0.23076923076923078 0.5408653846153846 0.04807692307692308 0.028846153846153848
0 0.234375 0.4963942307692308 0.05048076923076923 0.026442307692307692
0 0.265625 0.5 0.04567307692307692 0.02403846153846154
0 0.2704326923076923 0.5144230769230769 0.04567307692307692 0.02403846153846154
0 0.27403846153846156 0.53125 0.04807692307692308 0.028846153846153848
0 0.3076923076923077 0.47836538461538464 0.04807692307692308 0.028846153846153848
0 0.3112980769230769 0.49158653846153844 0.05048076923076923 0.026442307692307692
0 0.3137019230769231 0.5060096153846154 0.05048076923076923 0.03125
0 0.3161057692307692 0.5216346153846154 0.04567307692307692 0.02403846153846154
0 0.35336538461538464 0.46875 0.04807692307692308 0.028846153846153848
0 0.35697115384615385 0.4807692307692308 0.04567307692307692 0.028846153846153848
0 0.35697115384615385 0.49759615384615385 0.04567307692307692 0.02403846153846154
0 0.36177884615384615 0.5120192307692307 0.04567307692307692 0.02403846153846154
0 0.3954326923076923 0.4567307692307692 0.04567307692307692 0.02403846153846154
0 0.39783653846153844 0.47115384615384615 0.04567307692307692 0.02403846153846154
0 0.4014423076923077 0.4855769230769231 0.04807692307692308 0.028846153846153848
0 0.40384615384615385 0.5024038461538461 0.04807692307692308 0.028846153846153848
0 0.43990384615384615 0.44471153846153844 0.04807692307692308 0.028846153846153848
0 0.4423076923076923 0.46153846153846156 0.04807692307692308 0.028846153846153848
0 0.44591346153846156 0.47596153846153844 0.04567307692307692 0.028846153846153848
0 0.4495192307692308 0.49038461538461536 0.04807692307692308 0.028846153846153848
0 0.4831730769230769 0.43509615384615385 0.04807692307692308 0.028846153846153848
0 0.4855769230769231 0.4495192307692308 0.04807692307692308 0.028846153846153848
0 0.49038461538461536 0.46634615384615385 0.04807692307692308 0.028846153846153848
0 0.49399038461538464 0.48197115384615385 0.05048076923076923 0.026442307692307692
0 0.5348557692307693 0.4230769230769231 0.05048076923076923 0.028846153846153848
0 0.5336538461538461 0.4411057692307692 0.04807692307692308 0.026442307692307692
0 0.5384615384615384 0.4567307692307692 0.04807692307692308 0.028846153846153848
0 0.5396634615384616 0.4723557692307692 0.05048076923076923 0.03125
0 0.5757211538461539 0.43509615384615385 0.04567307692307692 0.02403846153846154
0 0.5805288461538461 0.4495192307692308 0.04567307692307692 0.02403846153846154
0 0.5853365384615384 0.4639423076923077 0.04567307692307692 0.028846153846153848
0 0.5853365384615384 0.41586538461538464 0.04567307692307692 0.02403846153846154
0 0.6237980769230769 0.40865384615384615 0.040865384615384616 0.019230769230769232
0 0.625 0.421875 0.04807692307692308 0.026442307692307692
0 0.6274038461538461 0.4375 0.04807692307692308 0.028846153846153848
0 0.6298076923076923 0.4519230769230769 0.04807692307692308 0.028846153846153848
0 0.6646634615384616 0.3942307692307692 0.05048076923076923 0.028846153846153848
0 0.6694711538461539 0.4110576923076923 0.05048076923076923 0.028846153846153848
0 0.6742788461538461 0.4254807692307692 0.05048076923076923 0.028846153846153848
0 0.6766826923076923 0.4411057692307692 0.05048076923076923 0.026442307692307692
0 0.8076923076923077 0.3641826923076923 0.04807692307692308 0.026442307692307692
0 0.8125 0.37740384615384615 0.04807692307692308 0.028846153846153848
0 0.8149038461538461 0.3954326923076923 0.04807692307692308 0.026442307692307692
0 0.8197115384615384 0.40865384615384615 0.04807692307692308 0.028846153846153848
0 0.8533653846153846 0.35336538461538464 0.052884615384615384 0.02403846153846154
0 0.8569711538461539 0.36778846153846156 0.05048076923076923 0.028846153846153848
0 0.8605769230769231 0.38221153846153844 0.052884615384615384 0.02403846153846154
0 0.8629807692307693 0.39783653846153844 0.052884615384615384 0.026442307692307692
0 0.9026442307692307 0.35216346153846156 0.05048076923076923 0.026442307692307692
0 0.90625 0.36899038461538464 0.052884615384615384 0.03125
0 0.9110576923076923 0.3858173076923077 0.052884615384615384 0.026442307692307692
0 0.9146634615384616 0.39783653846153844 0.05048076923076923 0.021634615384615384