0 0.3173076923076923 0.9699519230769231 0.18269230769230768 0.06009615384615385
0 0.19831730769230768 0.9519230769230769 0.17067307692307693 0.09615384615384616
0 0.19831730769230768 0.9831730769230769 0.13701923076923078 0.03365384615384615
0 0.1201923076923077 0.9579326923076923 0.07211538461538461 0.08413461538461539
0 0.15264423076923078 0.921875 0.12259615384615384 0.10336538461538461
0 0.1658653846153846 0.8870192307692307 0.17307692307692307 0.15384615384615385
0 0.28846153846153844 0.921875 0.1778846153846154 0.15625
0 0.4074519230769231 0.9411057692307693 0.17548076923076922 0.11778846153846154
0 0.5216346153846154 0.9627403846153846 0.1778846153846154 0.07451923076923077
0 0.1346153846153846 0.7884615384615384 0.1778846153846154 0.14903846153846154
0 0.24879807692307693 0.8245192307692307 0.18028846153846154 0.14423076923076922
0 0.3641826923076923 0.8653846153846154 0.19471153846153846 0.14903846153846154
0 0.6033653846153846 0.9266826923076923 0.1778846153846154 0.1466346153846154
0 0.8052884615384616 0.8942307692307693 0.18269230769230768 0.12980769230769232
0 0.6838942307692307 0.8737980769230769 0.18028846153846154 0.15144230769230768
0 0.5625 0.8641826923076923 0.14423076923076922 0.10817307692307693
0 0.44350961538461536 0.8028846153846154 0.18509615384615385 0.13942307692307693
0 0.31971153846153844 0.7680288461538461 0.17307692307692307 0.14182692307692307
0 0.20673076923076922 0.7319711538461539 0.17307692307692307 0.13701923076923078
0 0.10817307692307693 0.7019230769230769 0.15865384615384615 0.125
0 0.9639423076923077 0.8689903846153846 0.07211538461538461 0.07932692307692307
0 0.8930288461538461 0.8557692307692307 0.19951923076923078 0.14903846153846154
0 0.7632211538461539 0.8245192307692307 0.19471153846153846 0.15865384615384615
0 0.6418269230769231 0.7824519230769231 0.17307692307692307 0.13701923076923078
0 0.5228365384615384 0.7463942307692307 0.18509615384615385 0.14182692307692307
0 0.40384615384615385 0.7103365384615384 0.1778846153846154 0.13221153846153846
0 0.29447115384615385 0.6778846153846154 0.18028846153846154 0.13942307692307693
0 0.9747596153846154 0.7403846153846154 0.05048076923076923 0.1346153846153846
0 0.8413461538461539 0.7596153846153846 0.1971153846153846 0.14903846153846154
0 0.7199519230769231 0.7307692307692307 0.18990384615384615 0.13942307692307693
0 0.5961538461538461 0.6911057692307693 0.19230769230769232 0.14182692307692307
0 0.484375 0.6586538461538461 0.18509615384615385 0.13942307692307693
0 0.36538461538461536 0.6262019230769231 0.18269230769230768 0.1466346153846154
0 0.16826923076923078 0.6418269230769231 0.18269230769230768 0.1346153846153846
0 0.07451923076923077 0.6009615384615384 0.13942307692307693 0.125
0 0.25600961538461536 0.5865384615384616 0.17548076923076922 0.13942307692307693
0 0.13341346153846154 0.5576923076923077 0.17548076923076922 0.13942307692307693
0 0.056490384615384616 0.5144230769230769 0.11298076923076923 0.1201923076923077
0 0.6153846153846154 0.6141826923076923 0.30288461538461536 0.22355769230769232
0 0.38221153846153844 0.5516826923076923 0.2932692307692308 0.22355769230769232
0 0.6983173076923077 0.5612980769230769 0.2860576923076923 0.21394230769230768
0 0.78125 0.5120192307692307 0.28846153846153844 0.21634615384615385
0 0.8605769230769231 0.4855769230769231 0.27884615384615385 0.21634615384615385
0 0.8966346153846154 0.6550480769230769 0.20673076923076922 0.19951923076923078
0 0.8966346153846154 0.4362980769230769 0.20673076923076922 0.19471153846153846
0 0.9314903846153846 0.3737980769230769 0.12740384615384615 0.12740384615384615
0 0.5372596153846154 0.44711538461538464 0.28125 0.21634615384615385
0 0.6129807692307693 0.39663461538461536 0.28365384615384615 0.21634615384615385
0 0.6862980769230769 0.3425480769230769 0.28125 0.20432692307692307
0 0.7536057692307693 0.29086538461538464 0.28125 0.20673076923076922
0 0.8413461538461539 0.27283653846153844 0.2403846153846154 0.19951923076923078
0 0.8701923076923077 0.22115384615384615 0.17307692307692307 0.1346153846153846
0 0.8629807692307693 0.18028846153846154 0.17307692307692307 0.15384615384615385
0 0.1466346153846154 0.47115384615384615 0.27403846153846156 0.20192307692307693
0 0.234375 0.42908653846153844 0.2764423076923077 0.20432692307692307
0 0.30528846153846156 0.37740384615384615 0.2644230769230769 0.20192307692307693
0 0.38341346153846156 0.32572115384615385 0.28125 0.2091346153846154
0 0.4651442307692308 0.27163461538461536 0.27163461538461536 0.19230769230769232
0 0.5360576923076923 0.22115384615384615 0.27403846153846156 0.1971153846153846
0 0.6117788461538461 0.17668269230769232 0.28125 0.21875
0 0.671875 0.12259615384615384 0.2620192307692308 0.1971153846153846
0 0.07091346153846154 0.3629807692307692 0.14182692307692307 0.17307692307692307
0 0.10817307692307693 0.3173076923076923 0.21634615384615385 0.20192307692307693
0 0.16706730769230768 0.2668269230769231 0.25721153846153844 0.19230769230769232
0 0.25 0.2127403846153846 0.2644230769230769 0.18990384615384615
0 0.31850961538461536 0.16706730769230768 0.2620192307692308 0.18990384615384615
0 0.3798076923076923 0.1141826923076923 0.2548076923076923 0.19471153846153846
0 0.45913461538461536 0.08052884615384616 0.2548076923076923 0.16105769230769232
0 0.7980769230769231 0.06610576923076923 0.20192307692307693 0.13221153846153846
0 0.8088942307692307 0.05889423076923077 0.2091346153846154 0.11778846153846154
0 0.8329326923076923 0.015625 0.12740384615384615 0.03125
0 0.5384615384615384 0.051682692307692304 0.24519230769230768 0.10336538461538461
0 0.6430288461538461 0.02283653846153846 0.17548076923076922 0.04567307692307692
0 0.22355769230769232 0.0889423076923077 0.1971153846153846 0.11057692307692307
0 0.11538461538461539 0.12740384615384615 0.23076923076923078 0.14423076923076922
0 0.08052884615384616 0.1622596153846154 0.16105769230769232 0.17548076923076922
0 0.039663461538461536 0.203125 0.07932692307692307 0.1466346153846154