0 0.03245192307692308 0.9134615384615384 0.06490384615384616 0.08173076923076923
0 0.17307692307692307 0.9242788461538461 0.17307692307692307 0.10817307692307693
0 0.0733173076923077 0.8581730769230769 0.1466346153846154 0.125
0 0.056490384615384616 0.9038461538461539 0.11298076923076923 0.10096153846153846
0 0.010817307692307692 0.828125 0.021634615384615384 0.10336538461538461
0 0.046875 0.7920673076923077 0.09375 0.0889423076923077
0 0.07091346153846154 0.7620192307692307 0.14182692307692307 0.1346153846153846
0 0.16826923076923078 0.8389423076923077 0.16346153846153846 0.14423076923076922
0 0.27283653846153844 0.9086538461538461 0.16105769230769232 0.12980769230769232
0 0.375 0.9591346153846154 0.17307692307692307 0.07692307692307693
0 0.07211538461538461 0.6610576923076923 0.14423076923076922 0.12980769230769232
0 0.16105769230769232 0.7307692307692307 0.16826923076923078 0.125
0 0.25961538461538464 0.8040865384615384 0.18269230769230768 0.12740384615384615
0 0.46634615384615385 0.9362980769230769 0.16346153846153846 0.12740384615384615
0 0.6658653846153846 0.9579326923076923 0.17307692307692307 0.08413461538461539
0 0.5576923076923077 0.9122596153846154 0.16826923076923078 0.13221153846153846
0 0.44471153846153844 0.8653846153846154 0.1346153846153846 0.09134615384615384
0 0.35096153846153844 0.7716346153846154 0.17307692307692307 0.1201923076923077
0 0.24639423076923078 0.7007211538461539 0.16105769230769232 0.12259615384615384
0 0.14783653846153846 0.6310096153846154 0.16105769230769232 0.11778846153846154
0 0.06971153846153846 0.5709134615384616 0.13942307692307693 0.10817307692307693
0 0.8617788461538461 0.9879807692307693 0.14182692307692307 0.02403846153846154
0 0.7620192307692307 0.9483173076923077 0.1875 0.10336538461538461
0 0.6502403846153846 0.8882211538461539 0.18028846153846154 0.13701923076923078
0 0.546875 0.8137019230769231 0.16105769230769232 0.11778846153846154
0 0.44471153846153844 0.7415865384615384 0.17307692307692307 0.12259615384615384
0 0.3449519230769231 0.6694711538461539 0.1658653846153846 0.11298076923076923
0 0.2512019230769231 0.6057692307692307 0.17067307692307693 0.1201923076923077
0 0.9230769230769231 0.9711538461538461 0.07692307692307693 0.057692307692307696
0 0.9134615384615384 0.8882211538461539 0.11057692307692307 0.12259615384615384
0 0.7439903846153846 0.8521634615384616 0.18509615384615385 0.12740384615384615
0 0.6382211538461539 0.7884615384615384 0.18028846153846154 0.1201923076923077
0 0.53125 0.7115384615384616 0.18269230769230768 0.1201923076923077
0 0.43509615384615385 0.6466346153846154 0.17307692307692307 0.1201923076923077
0 0.3329326923076923 0.578125 0.17067307692307693 0.12740384615384615
0 0.14182692307692307 0.5324519230769231 0.17307692307692307 0.11298076923076923
0 0.0625 0.4639423076923077 0.125 0.11057692307692307
0 0.24278846153846154 0.5048076923076923 0.16346153846153846 0.1201923076923077
0 0.13221153846153846 0.4423076923076923 0.16346153846153846 0.1201923076923077
0 0.06610576923076923 0.3762019230769231 0.11778846153846154 0.10817307692307693
0 0.5733173076923077 0.6430288461538461 0.2860576923076923 0.18990384615384615
0 0.3713942307692308 0.5132211538461539 0.2764423076923077 0.18990384615384615
0 0.6682692307692307 0.6201923076923077 0.2692307692307692 0.18269230769230768
0 0.765625 0.5973557692307693 0.27163461538461536 0.18509615384615385
0 0.8497596153846154 0.5997596153846154 0.2668269230769231 0.18509615384615385
0 0.859375 0.7800480769230769 0.24759615384615385 0.17067307692307693
0 0.9014423076923077 0.5649038461538461 0.1971153846153846 0.17307692307692307
0 0.9447115384615384 0.5120192307692307 0.11057692307692307 0.11538461538461539
0 0.5528846153846154 0.46033653846153844 0.2644230769230769 0.18509615384615385
0 0.640625 0.4362980769230769 0.2668269230769231 0.18509615384615385
0 0.7271634615384616 0.40865384615384615 0.2668269230769231 0.17307692307692307
0 0.8064903846153846 0.3786057692307692 0.2668269230769231 0.17548076923076922
0 0.890625 0.3870192307692308 0.21875 0.17307692307692307
0 0.9278846153846154 0.3485576923076923 0.14423076923076922 0.11538461538461539
0 0.9314903846153846 0.30649038461538464 0.13701923076923078 0.13701923076923078
0 0.17427884615384615 0.36538461538461536 0.25721153846153844 0.17307692307692307
0 0.2692307692307692 0.35096153846153844 0.25961538461538464 0.17307692307692307
0 0.35216346153846156 0.3245192307692308 0.24759615384615385 0.17307692307692307
0 0.4423076923076923 0.2980769230769231 0.2644230769230769 0.1778846153846154
0 0.5372596153846154 0.27163461538461536 0.25721153846153844 0.16346153846153846
0 0.6201923076923077 0.24639423076923078 0.25961538461538464 0.1658653846153846
0 0.7067307692307693 0.22596153846153846 0.2644230769230769 0.1875
0 0.7800480769230769 0.19471153846153846 0.24759615384615385 0.16826923076923078
0 0.10817307692307693 0.22956730769230768 0.18269230769230768 0.15144230769230768
0 0.1622596153846154 0.19831730769230768 0.25240384615384615 0.17067307692307693
0 0.2548076923076923 0.17548076923076922 0.2403846153846154 0.16346153846153846
0 0.35096153846153844 0.14903846153846154 0.25 0.15865384615384615
0 0.42908653846153844 0.12740384615384615 0.24759615384615385 0.15865384615384615
0 0.5048076923076923 0.09615384615384616 0.2403846153846154 0.16826923076923078
0 0.59375 0.078125 0.2403846153846154 0.15625
0 0.9122596153846154 0.171875 0.17548076923076922 0.12259615384615384
0 0.9206730769230769 0.14423076923076922 0.15865384615384615 0.16346153846153846
0 0.9627403846153846 0.09495192307692307 0.07451923076923077 0.11778846153846154
0 0.6838942307692307 0.06610576923076923 0.23798076923076922 0.11778846153846154
0 0.7944711538461539 0.06370192307692307 0.17067307692307693 0.08413461538461539
0 0.36177884615384615 0.03245192307692308 0.18990384615384615 0.06490384615384616
0 0.24278846153846154 0.042067307692307696 0.23557692307692307 0.08413461538461539
0 0.1622596153846154 0.054086538461538464 0.24278846153846154 0.10817307692307693
0 0.109375 0.06370192307692307 0.15625 0.12740384615384615