0 0.47475961538461536 0.7884615384615384 0.8774038461538461 0.4230769230769231
0 0.546875 0.5252403846153846 0.8629807692307693 0.5120192307692307
0 0.5348557692307693 0.28125 0.7956730769230769 0.5
0 0.12860576923076922 0.44591346153846156 0.10817307692307693 0.2860576923076923
0 0.056490384615384616 0.7199519230769231 0.11298076923076923 0.31009615384615385
0 0.03485576923076923 0.7079326923076923 0.06971153846153846 0.27163461538461536
0 0.015625 0.7043269230769231 0.03125 0.23557692307692307
0 0.09014423076923077 0.4579326923076923 0.09375 0.2668269230769231
0 0.056490384615384616 0.47596153846153844 0.0889423076923077 0.25
0 0.1502403846153846 0.2247596153846154 0.09375 0.2620192307692308
0 0.11298076923076923 0.2548076923076923 0.08653846153846154 0.2403846153846154
0 0.9555288461538461 0.33653846153846156 0.0889423076923077 0.2403846153846154
0 0.8894230769230769 0.35096153846153844 0.1201923076923077 0.20673076923076922
0 0.9254807692307693 0.5132211538461539 0.14903846153846154 0.2283653846153846