0 0.5384615384615384 0.8245192307692307 0.8365384615384616 0.35096153846153844
0 0.5528846153846154 0.515625 0.8173076923076923 0.36778846153846156
0 0.49278846153846156 0.27884615384615385 0.75 0.3701923076923077
0 0.125 0.5192307692307693 0.057692307692307696 0.28365384615384615
0 0.10576923076923077 0.8028846153846154 0.057692307692307696 0.3076923076923077
0 0.06971153846153846 0.796875 0.04807692307692308 0.27163461538461536
0 0.04326923076923077 0.7980769230769231 0.028846153846153848 0.23557692307692307
0 0.09014423076923077 0.5384615384615384 0.04567307692307692 0.2644230769230769
0 0.05889423076923077 0.5600961538461539 0.040865384615384616 0.25
0 0.1045673076923077 0.2956730769230769 0.04567307692307692 0.25961538461538464
0 0.0733173076923077 0.33413461538461536 0.040865384615384616 0.2403846153846154
0 0.9411057692307693 0.24879807692307693 0.0985576923076923 0.2283653846153846
0 0.8557692307692307 0.27884615384615385 0.08653846153846154 0.1971153846153846
0 0.9242788461538461 0.4326923076923077 0.11778846153846154 0.21153846153846154