0 0.4807692307692308 0.7920673076923077 0.875 0.41586538461538464
0 0.5480769230769231 0.5264423076923077 0.8605769230769231 0.5
0 0.53125 0.28125 0.7932692307692307 0.49038461538461536
0 0.12740384615384615 0.453125 0.10576923076923077 0.2860576923076923
0 0.06009615384615385 0.7295673076923077 0.11057692307692307 0.31009615384615385
0 0.03485576923076923 0.7175480769230769 0.06971153846153846 0.27163461538461536
0 0.016826923076923076 0.7139423076923077 0.03365384615384615 0.23557692307692307
0 0.0889423076923077 0.4651442307692308 0.09134615384615384 0.2668269230769231
0 0.056490384615384616 0.484375 0.08413461538461539 0.25240384615384615
0 0.14543269230769232 0.22956730769230768 0.0889423076923077 0.2620192307692308
0 0.10817307692307693 0.26322115384615385 0.08173076923076923 0.24278846153846154
0 0.9543269230769231 0.3269230769230769 0.09134615384615384 0.2403846153846154
0 0.8882211538461539 0.34375 0.11778846153846154 0.20673076923076922
0 0.9266826923076923 0.5048076923076923 0.1466346153846154 0.22596153846153846