0 0.6310096153846154 0.48197115384615385 0.06009615384615385 0.040865384615384616
0 0.39663461538461536 0.47596153846153844 0.04807692307692308 0.03365384615384615
0 0.29927884615384615 0.49399038461538464 0.05048076923076923 0.036057692307692304
0 0.21634615384615385 0.421875 0.02403846153846154 0.026442307692307692
0 0.3485576923076923 0.4411057692307692 0.038461538461538464 0.03125
0 0.7439903846153846 0.4651442307692308 0.036057692307692304 0.03125
0 0.19591346153846154 0.44711538461538464 0.021634615384615384 0.028846153846153848
0 0.2127403846153846 0.453125 0.026442307692307692 0.036057692307692304
0 0.20673076923076922 0.41346153846153844 0.038461538461538464 0.03365384615384615
0 0.24158653846153846 0.4230769230769231 0.03125 0.03365384615384615
0 0.23677884615384615 0.4543269230769231 0.03125 0.03365384615384615
0 0.27283653846153844 0.4206730769230769 0.036057692307692304 0.03365384615384615
0 0.26802884615384615 0.46033653846153844 0.03125 0.03125
0 0.26322115384615385 0.4879807692307692 0.03125 0.03365384615384615
0 0.3088942307692308 0.4326923076923077 0.05048076923076923 0.038461538461538464
0 0.30528846153846156 0.46274038461538464 0.04807692307692308 0.036057692307692304
0 0.3317307692307692 0.4026442307692308 0.057692307692307696 0.036057692307692304
0 0.3389423076923077 0.47115384615384615 0.02403846153846154 0.03365384615384615
0 0.33413461538461536 0.5 0.02403846153846154 0.03365384615384615
0 0.359375 0.5024038461538461 0.03125 0.03365384615384615
0 0.3629807692307692 0.4723557692307692 0.028846153846153848 0.03125
0 0.375 0.44471153846153844 0.014423076923076924 0.028846153846153848
0 0.38341346153846156 0.4170673076923077 0.036057692307692304 0.03125
0 0.4014423076923077 0.4483173076923077 0.04807692307692308 0.036057692307692304
0 0.4495192307692308 0.45552884615384615 0.057692307692307696 0.040865384615384616
0 0.44591346153846156 0.48677884615384615 0.06009615384615385 0.036057692307692304
0 0.3942307692307692 0.5084134615384616 0.04807692307692308 0.036057692307692304
0 0.4411057692307692 0.5168269230769231 0.06009615384615385 0.03365384615384615
0 0.421875 0.4206730769230769 0.04567307692307692 0.03365384615384615
0 0.46875 0.4206730769230769 0.04807692307692308 0.028846153846153848
0 0.5841346153846154 0.4423076923076923 0.052884615384615384 0.038461538461538464
0 0.5793269230769231 0.47475961538461536 0.052884615384615384 0.040865384615384616
0 0.5757211538461539 0.5072115384615384 0.05048076923076923 0.038461538461538464
0 0.5733173076923077 0.5360576923076923 0.05048076923076923 0.038461538461538464
0 0.6213942307692307 0.5444711538461539 0.06009615384615385 0.040865384615384616
0 0.6274038461538461 0.5108173076923077 0.057692307692307696 0.036057692307692304
0 0.6334134615384616 0.4483173076923077 0.055288461538461536 0.03125
0 0.6706730769230769 0.45072115384615385 0.02403846153846154 0.036057692307692304
0 0.6658653846153846 0.4795673076923077 0.02403846153846154 0.036057692307692304
0 0.6622596153846154 0.5132211538461539 0.021634615384615384 0.036057692307692304
0 0.6598557692307693 0.5480769230769231 0.021634615384615384 0.038461538461538464
0 0.6875 0.453125 0.019230769230769232 0.036057692307692304
0 0.6850961538461539 0.48197115384615385 0.019230769230769232 0.036057692307692304
0 0.6802884615384616 0.515625 0.019230769230769232 0.036057692307692304
0 0.6742788461538461 0.5504807692307693 0.021634615384615384 0.038461538461538464
0 0.7043269230769231 0.453125 0.019230769230769232 0.036057692307692304
0 0.7007211538461539 0.4855769230769231 0.021634615384615384 0.038461538461538464
0 0.6983173076923077 0.5144230769230769 0.021634615384615384 0.028846153846153848
0 0.7151442307692307 0.5444711538461539 0.06009615384615385 0.036057692307692304
0 0.7127403846153846 0.5721153846153846 0.06009615384615385 0.03365384615384615
0 0.7211538461538461 0.4579326923076923 0.019230769230769232 0.036057692307692304
0 0.7175480769230769 0.49158653846153844 0.021634615384615384 0.036057692307692304
0 0.7139423076923077 0.515625 0.019230769230769232 0.026442307692307692
0 0.7307692307692307 0.5168269230769231 0.019230769230769232 0.028846153846153848
0 0.7319711538461539 0.49158653846153844 0.021634615384615384 0.03125
0 0.7536057692307693 0.4987980769230769 0.021634615384615384 0.03125
0 0.7475961538461539 0.5228365384615384 0.02403846153846154 0.026442307692307692
0 0.75 0.5504807692307693 0.019230769230769232 0.038461538461538464
0 0.7475961538461539 0.578125 0.019230769230769232 0.026442307692307692
0 0.765625 0.5793269230769231 0.021634615384615384 0.02403846153846154
0 0.8401442307692307 0.5300480769230769 0.06009615384615385 0.040865384615384616
0 0.7680288461538461 0.5516826923076923 0.021634615384615384 0.03125
0 0.765625 0.5228365384615384 0.016826923076923076 0.026442307692307692
0 0.7704326923076923 0.49759615384615385 0.016826923076923076 0.028846153846153848
0 0.7704326923076923 0.4651442307692308 0.021634615384615384 0.03125
0 0.7884615384615384 0.4675480769230769 0.019230769230769232 0.036057692307692304
0 0.7848557692307693 0.5012019230769231 0.021634615384615384 0.036057692307692304
0 0.78125 0.5252403846153846 0.019230769230769232 0.026442307692307692
0 0.7860576923076923 0.5564903846153846 0.019230769230769232 0.036057692307692304
0 0.7848557692307693 0.5805288461538461 0.021634615384615384 0.026442307692307692
0 0.8016826923076923 0.5841346153846154 0.021634615384615384 0.02403846153846154
0 0.8040865384615384 0.5564903846153846 0.021634615384615384 0.03125
0 0.8004807692307693 0.5264423076923077 0.02403846153846154 0.028846153846153848
0 0.8028846153846154 0.49759615384615385 0.019230769230769232 0.028846153846153848
0 0.8064903846153846 0.4639423076923077 0.021634615384615384 0.038461538461538464
0 0.8305288461538461 0.46634615384615385 0.036057692307692304 0.038461538461538464
0 0.828125 0.4963942307692308 0.036057692307692304 0.03125
0 0.8545673076923077 0.4699519230769231 0.021634615384615384 0.036057692307692304
0 0.8521634615384616 0.5 0.021634615384615384 0.028846153846153848
0 0.8221153846153846 0.5588942307692307 0.019230769230769232 0.03125
0 0.8185096153846154 0.5853365384615384 0.021634615384615384 0.026442307692307692
0 0.8473557692307693 0.5612980769230769 0.036057692307692304 0.040865384615384616
0 0.84375 0.5877403846153846 0.03365384615384615 0.026442307692307692
0 0.8713942307692307 0.5612980769230769 0.021634615384615384 0.036057692307692304
0 0.8689903846153846 0.5913461538461539 0.021634615384615384 0.028846153846153848
0 0.8894230769230769 0.5661057692307693 0.019230769230769232 0.03125
0 0.8858173076923077 0.59375 0.021634615384615384 0.02403846153846154