0 0.6153846153846154 0.4387019230769231 0.0625 0.04567307692307692
0 0.3954326923076923 0.5132211538461539 0.05048076923076923 0.036057692307692304
0 0.31009615384615385 0.5637019230769231 0.052884615384615384 0.040865384615384616
0 0.20793269230769232 0.5216346153846154 0.026442307692307692 0.028846153846153848
0 0.33774038461538464 0.4963942307692308 0.040865384615384616 0.036057692307692304
0 0.71875 0.38461538461538464 0.038461538461538464 0.03365384615384615
0 0.1971153846153846 0.5540865384615384 0.02403846153846154 0.03125
0 0.21394230769230768 0.5528846153846154 0.028846153846153848 0.038461538461538464
0 0.1935096153846154 0.5192307692307693 0.040865384615384616 0.038461538461538464
0 0.23076923076923078 0.5180288461538461 0.03365384615384615 0.036057692307692304
0 0.23798076923076922 0.546875 0.03365384615384615 0.036057692307692304
0 0.25961538461538464 0.5036057692307693 0.038461538461538464 0.036057692307692304
0 0.2668269230769231 0.5432692307692307 0.03365384615384615 0.03365384615384615
0 0.27163461538461536 0.5709134615384616 0.03365384615384615 0.036057692307692304
0 0.2956730769230769 0.5024038461538461 0.052884615384615384 0.04326923076923077
0 0.30408653846153844 0.5336538461538461 0.05048076923076923 0.038461538461538464
0 0.3088942307692308 0.4675480769230769 0.06009615384615385 0.040865384615384616
0 0.3389423076923077 0.5288461538461539 0.028846153846153848 0.03365384615384615
0 0.34375 0.5576923076923077 0.028846153846153848 0.03365384615384615
0 0.36778846153846156 0.5516826923076923 0.03365384615384615 0.036057692307692304
0 0.36177884615384615 0.5216346153846154 0.03125 0.03365384615384615
0 0.36177884615384615 0.49278846153846156 0.016826923076923076 0.028846153846153848
0 0.3605769230769231 0.46153846153846156 0.038461538461538464 0.03365384615384615
0 0.390625 0.4831730769230769 0.05048076923076923 0.038461538461538464
0 0.4362980769230769 0.47475961538461536 0.06009615384615385 0.04567307692307692
0 0.44471153846153844 0.5060096153846154 0.0625 0.040865384615384616
0 0.4026442307692308 0.5456730769230769 0.05048076923076923 0.038461538461538464
0 0.45072115384615385 0.5360576923076923 0.06009615384615385 0.038461538461538464
0 0.39903846153846156 0.453125 0.04807692307692308 0.036057692307692304
0 0.4423076923076923 0.43509615384615385 0.04807692307692308 0.03365384615384615
0 0.5588942307692307 0.4182692307692308 0.055288461538461536 0.04326923076923077
0 0.5661057692307693 0.45072115384615385 0.055288461538461536 0.04567307692307692
0 0.5745192307692307 0.4807692307692308 0.052884615384615384 0.04326923076923077
0 0.5793269230769231 0.5072115384615384 0.052884615384615384 0.04326923076923077
0 0.6298076923076923 0.4987980769230769 0.0625 0.04567307692307692
0 0.6213942307692307 0.4675480769230769 0.06009615384615385 0.040865384615384616
0 0.6069711538461539 0.4050480769230769 0.055288461538461536 0.036057692307692304
0 0.6430288461538461 0.3942307692307692 0.026442307692307692 0.038461538461538464
0 0.6502403846153846 0.4254807692307692 0.026442307692307692 0.038461538461538464
0 0.65625 0.4579326923076923 0.02403846153846154 0.036057692307692304
0 0.6670673076923077 0.49038461538461536 0.026442307692307692 0.038461538461538464
0 0.6598557692307693 0.390625 0.021634615384615384 0.036057692307692304
0 0.6670673076923077 0.41947115384615385 0.021634615384615384 0.036057692307692304
0 0.6742788461538461 0.453125 0.021634615384615384 0.036057692307692304
0 0.6814903846153846 0.4879807692307692 0.026442307692307692 0.038461538461538464
0 0.6766826923076923 0.38822115384615385 0.021634615384615384 0.036057692307692304
0 0.6838942307692307 0.4182692307692308 0.026442307692307692 0.038461538461538464
0 0.6899038461538461 0.44591346153846156 0.02403846153846154 0.03125
0 0.71875 0.46875 0.0625 0.04326923076923077
0 0.7247596153846154 0.4951923076923077 0.06009615384615385 0.038461538461538464
0 0.6935096153846154 0.3858173076923077 0.021634615384615384 0.036057692307692304
0 0.7019230769230769 0.41947115384615385 0.02403846153846154 0.036057692307692304
0 0.7055288461538461 0.4411057692307692 0.021634615384615384 0.026442307692307692
0 0.7223557692307693 0.4362980769230769 0.021634615384615384 0.03125
0 0.7163461538461539 0.4110576923076923 0.02403846153846154 0.03365384615384615
0 0.7355769230769231 0.4110576923076923 0.02403846153846154 0.03365384615384615
0 0.7415865384615384 0.4375 0.026442307692307692 0.028846153846153848
0 0.7524038461538461 0.46153846153846156 0.02403846153846154 0.038461538461538464
0 0.7584134615384616 0.4891826923076923 0.021634615384615384 0.026442307692307692
0 0.7752403846153846 0.4831730769230769 0.021634615384615384 0.02403846153846154
0 0.8293269230769231 0.41225961538461536 0.0625 0.04567307692307692
0 0.7692307692307693 0.4567307692307692 0.02403846153846154 0.03365384615384615
0 0.7596153846153846 0.43149038461538464 0.019230769230769232 0.026442307692307692
0 0.7524038461538461 0.4050480769230769 0.019230769230769232 0.03125
0 0.7427884615384616 0.375 0.02403846153846154 0.03365384615384615
0 0.7608173076923077 0.3713942307692308 0.021634615384615384 0.036057692307692304
0 0.7668269230769231 0.4026442307692308 0.02403846153846154 0.036057692307692304
0 0.7728365384615384 0.4266826923076923 0.021634615384615384 0.026442307692307692
0 0.7872596153846154 0.45552884615384615 0.021634615384615384 0.036057692307692304
0 0.7932692307692307 0.4795673076923077 0.02403846153846154 0.026442307692307692
0 0.8112980769230769 0.47596153846153844 0.021634615384615384 0.02403846153846154
0 0.8052884615384616 0.4495192307692308 0.02403846153846154 0.03365384615384615
0 0.7920673076923077 0.421875 0.026442307692307692 0.03125
0 0.7848557692307693 0.3954326923076923 0.021634615384615384 0.03125
0 0.7752403846153846 0.3629807692307692 0.026442307692307692 0.038461538461538464
0 0.7980769230769231 0.3545673076923077 0.038461538461538464 0.040865384615384616
0 0.8076923076923077 0.38461538461538464 0.038461538461538464 0.03365384615384615
0 0.8245192307692307 0.34975961538461536 0.02403846153846154 0.036057692307692304
0 0.8317307692307693 0.3786057692307692 0.02403846153846154 0.03125
0 0.8209134615384616 0.44471153846153844 0.021634615384615384 0.03365384615384615
0 0.8269230769230769 0.4699519230769231 0.02403846153846154 0.026442307692307692
0 0.8473557692307693 0.43990384615384615 0.040865384615384616 0.04326923076923077
0 0.8533653846153846 0.4651442307692308 0.03365384615384615 0.03125
0 0.8701923076923077 0.43149038461538464 0.02403846153846154 0.036057692307692304
0 0.8774038461538461 0.46033653846153844 0.02403846153846154 0.03125
0 0.8882211538461539 0.43028846153846156 0.021634615384615384 0.03365384615384615
0 0.8954326923076923 0.4543269230769231 0.021634615384615384 0.02403846153846154