0 0.6274038461538461 0.4723557692307692 0.057692307692307696 0.036057692307692304
0 0.3954326923076923 0.4831730769230769 0.04567307692307692 0.028846153846153848
0 0.29927884615384615 0.5072115384615384 0.05048076923076923 0.03365384615384615
0 0.2127403846153846 0.43990384615384615 0.021634615384615384 0.02403846153846154
0 0.34615384615384615 0.4519230769230769 0.038461538461538464 0.028846153846153848
0 0.7427884615384616 0.44711538461538464 0.03365384615384615 0.028846153846153848
0 0.19230769230769232 0.46875 0.019230769230769232 0.028846153846153848
0 0.21153846153846154 0.47115384615384615 0.02403846153846154 0.03365384615384615
0 0.20192307692307693 0.4338942307692308 0.038461538461538464 0.03125
0 0.23557692307692307 0.4411057692307692 0.028846153846153848 0.03125
0 0.23557692307692307 0.4723557692307692 0.028846153846153848 0.03125
0 0.2668269230769231 0.4387019230769231 0.03365384615384615 0.03125
0 0.2644230769230769 0.47596153846153844 0.028846153846153848 0.028846153846153848
0 0.2620192307692308 0.5060096153846154 0.028846153846153848 0.03125
0 0.30288461538461536 0.44591346153846156 0.04807692307692308 0.036057692307692304
0 0.30288461538461536 0.47716346153846156 0.04807692307692308 0.03125
0 0.32572115384615385 0.41586538461538464 0.055288461538461536 0.03365384615384615
0 0.33653846153846156 0.48197115384615385 0.02403846153846154 0.03125
0 0.33413461538461536 0.5108173076923077 0.02403846153846154 0.03125
0 0.3581730769230769 0.5132211538461539 0.028846153846153848 0.03125
0 0.3605769230769231 0.4831730769230769 0.028846153846153848 0.028846153846153848
0 0.3701923076923077 0.4543269230769231 0.014423076923076924 0.028846153846153848
0 0.37740384615384615 0.4254807692307692 0.03365384615384615 0.028846153846153848
0 0.39783653846153844 0.453125 0.04567307692307692 0.03125
0 0.44591346153846156 0.46033653846153844 0.055288461538461536 0.036057692307692304
0 0.44471153846153844 0.49038461538461536 0.057692307692307696 0.03365384615384615
0 0.3954326923076923 0.515625 0.04567307692307692 0.03125
0 0.4423076923076923 0.5228365384615384 0.057692307692307696 0.03125
0 0.41586538461538464 0.4254807692307692 0.04326923076923077 0.028846153846153848
0 0.46274038461538464 0.421875 0.04567307692307692 0.026442307692307692
0 0.5805288461538461 0.4362980769230769 0.05048076923076923 0.036057692307692304
0 0.5757211538461539 0.46875 0.05048076923076923 0.038461538461538464
0 0.5769230769230769 0.5012019230769231 0.04807692307692308 0.036057692307692304
0 0.5745192307692307 0.5300480769230769 0.04807692307692308 0.036057692307692304
0 0.625 0.5348557692307693 0.057692307692307696 0.036057692307692304
0 0.6262019230769231 0.5024038461538461 0.055288461538461536 0.03365384615384615
0 0.6298076923076923 0.4387019230769231 0.052884615384615384 0.026442307692307692
0 0.6670673076923077 0.4375 0.021634615384615384 0.03365384615384615
0 0.6646634615384616 0.46875 0.021634615384615384 0.03365384615384615
0 0.6634615384615384 0.5024038461538461 0.019230769230769232 0.03365384615384615
0 0.6634615384615384 0.5372596153846154 0.019230769230769232 0.036057692307692304
0 0.6838942307692307 0.43990384615384615 0.016826923076923076 0.03365384615384615
0 0.6838942307692307 0.46875 0.016826923076923076 0.03365384615384615
0 0.6814903846153846 0.5024038461538461 0.016826923076923076 0.03365384615384615
0 0.6778846153846154 0.5372596153846154 0.019230769230769232 0.036057692307692304
0 0.7007211538461539 0.43990384615384615 0.016826923076923076 0.03365384615384615
0 0.6971153846153846 0.4723557692307692 0.019230769230769232 0.036057692307692304
0 0.6971153846153846 0.5024038461538461 0.019230769230769232 0.028846153846153848
0 0.7175480769230769 0.53125 0.06009615384615385 0.03365384615384615
0 0.7163461538461539 0.5564903846153846 0.057692307692307696 0.03125
0 0.7175480769230769 0.4423076923076923 0.016826923076923076 0.03365384615384615
0 0.7163461538461539 0.47596153846153844 0.019230769230769232 0.03365384615384615
0 0.7151442307692307 0.5 0.016826923076923076 0.02403846153846154
0 0.7319711538461539 0.5 0.016826923076923076 0.028846153846153848
0 0.7307692307692307 0.47475961538461536 0.019230769230769232 0.03125
0 0.7524038461538461 0.4795673076923077 0.019230769230769232 0.03125
0 0.7487980769230769 0.5072115384615384 0.021634615384615384 0.02403846153846154
0 0.7536057692307693 0.5324519230769231 0.016826923076923076 0.036057692307692304
0 0.7512019230769231 0.5600961538461539 0.016826923076923076 0.02403846153846154
0 0.7692307692307693 0.5612980769230769 0.019230769230769232 0.021634615384615384
0 0.8413461538461539 0.5060096153846154 0.057692307692307696 0.036057692307692304
0 0.7716346153846154 0.5324519230769231 0.019230769230769232 0.03125
0 0.7680288461538461 0.5048076923076923 0.016826923076923076 0.02403846153846154
0 0.7680288461538461 0.47836538461538464 0.016826923076923076 0.028846153846153848
0 0.7692307692307693 0.4483173076923077 0.019230769230769232 0.03125
0 0.7872596153846154 0.44711538461538464 0.016826923076923076 0.03365384615384615
0 0.7836538461538461 0.4807692307692308 0.019230769230769232 0.03365384615384615
0 0.7824519230769231 0.5048076923076923 0.016826923076923076 0.02403846153846154
0 0.7896634615384616 0.5384615384615384 0.016826923076923076 0.03365384615384615
0 0.7884615384615384 0.5625 0.019230769230769232 0.02403846153846154
0 0.8076923076923077 0.5637019230769231 0.019230769230769232 0.021634615384615384
0 0.8076923076923077 0.5348557692307693 0.019230769230769232 0.03125
0 0.8016826923076923 0.5048076923076923 0.021634615384615384 0.028846153846153848
0 0.8016826923076923 0.47596153846153844 0.016826923076923076 0.028846153846153848
0 0.8028846153846154 0.44350961538461536 0.019230769230769232 0.036057692307692304
0 0.8269230769230769 0.44350961538461536 0.03365384615384615 0.036057692307692304
0 0.828125 0.4735576923076923 0.036057692307692304 0.028846153846153848
0 0.8533653846153846 0.44471153846153844 0.019230769230769232 0.03365384615384615
0 0.8533653846153846 0.4735576923076923 0.019230769230769232 0.028846153846153848
0 0.8257211538461539 0.5348557692307693 0.016826923076923076 0.03125
0 0.8245192307692307 0.5625 0.019230769230769232 0.02403846153846154
0 0.8509615384615384 0.5360576923076923 0.03365384615384615 0.038461538461538464
0 0.8497596153846154 0.5637019230769231 0.03125 0.026442307692307692
0 0.875 0.5360576923076923 0.019230769230769232 0.03365384615384615
0 0.875 0.5649038461538461 0.019230769230769232 0.028846153846153848
0 0.8930288461538461 0.5396634615384616 0.016826923076923076 0.03125
0 0.8918269230769231 0.5661057692307693 0.019230769230769232 0.021634615384615384