0 0.5096153846153846 0.2439903846153846 0.22115384615384615 0.11778846153846154
0 0.43028846153846156 0.3004807692307692 0.10576923076923077 0.07692307692307693
0 0.4170673076923077 0.3545673076923077 0.10817307692307693 0.07932692307692307
0 0.5336538461538461 0.31971153846153844 0.12980769230769232 0.09134615384615384
0 0.5192307692307693 0.38221153846153844 0.1201923076923077 0.07211538461538461
0 0.7163461538461539 0.28725961538461536 0.21634615384615385 0.11298076923076923
0 0.6995192307692307 0.34975961538461536 0.21153846153846154 0.11298076923076923
0 0.6346153846153846 0.4050480769230769 0.10576923076923077 0.08413461538461539
0 0.7295673076923077 0.4266826923076923 0.11778846153846154 0.0889423076923077
0 0.6213942307692307 0.46274038461538464 0.10336538461538461 0.08413461538461539
0 0.7139423076923077 0.49158653846153844 0.1201923076923077 0.0889423076923077
0 0.9146634615384616 0.3425480769230769 0.17067307692307693 0.0985576923076923
0 0.9014423076923077 0.40625 0.1971153846153846 0.1201923076923077
0 0.8954326923076923 0.46875 0.2091346153846154 0.11057692307692307
0 0.8834134615384616 0.5288461538461539 0.21394230769230768 0.11057692307692307