0 0.41466346153846156 0.2608173076923077 0.21875 0.10336538461538461
0 0.36177884615384615 0.34134615384615385 0.10336538461538461 0.07211538461538461
0 0.36899038461538464 0.3954326923076923 0.10336538461538461 0.07451923076923077
0 0.46274038461538464 0.32091346153846156 0.12740384615384615 0.08413461538461539
0 0.4723557692307692 0.38221153846153844 0.11778846153846154 0.0673076923076923
0 0.6213942307692307 0.22355769230769232 0.21394230769230768 0.10096153846153846
0 0.6298076923076923 0.2860576923076923 0.21153846153846154 0.10096153846153846
0 0.5901442307692307 0.3629807692307692 0.10336538461538461 0.07692307692307693
0 0.6838942307692307 0.34615384615384615 0.11298076923076923 0.08173076923076923
0 0.5973557692307693 0.421875 0.0985576923076923 0.07932692307692307
0 0.6959134615384616 0.41346153846153844 0.11778846153846154 0.08173076923076923
0 0.8425480769230769 0.19471153846153846 0.19951923076923078 0.08653846153846154
0 0.8473557692307693 0.25961538461538464 0.21394230769230768 0.10576923076923077
0 0.859375 0.3233173076923077 0.21394230769230768 0.0985576923076923
0 0.8665865384615384 0.38341346153846156 0.21394230769230768 0.0985576923076923