0 0.49158653846153844 0.2439903846153846 0.21875 0.10336538461538461
0 0.4170673076923077 0.30528846153846156 0.10336538461538461 0.07211538461538461
0 0.4074519230769231 0.359375 0.10336538461538461 0.07451923076923077
0 0.5204326923076923 0.31850961538461536 0.12740384615384615 0.08413461538461539
0 0.5108173076923077 0.3798076923076923 0.11778846153846154 0.0673076923076923
0 0.7007211538461539 0.27403846153846156 0.21394230769230768 0.10096153846153846
0 0.6899038461538461 0.33653846153846156 0.21153846153846154 0.10096153846153846
0 0.6286057692307693 0.39663461538461536 0.10336538461538461 0.07692307692307693
0 0.7223557692307693 0.4110576923076923 0.11298076923076923 0.08173076923076923
0 0.6165865384615384 0.45552884615384615 0.0985576923076923 0.07932692307692307
0 0.7127403846153846 0.47596153846153844 0.11778846153846154 0.08173076923076923
0 0.9098557692307693 0.3125 0.18028846153846154 0.08653846153846154
0 0.8990384615384616 0.37740384615384615 0.20192307692307693 0.10576923076923077
0 0.8942307692307693 0.4411057692307692 0.21153846153846154 0.0985576923076923
0 0.8858173076923077 0.5036057692307693 0.21394230769230768 0.0985576923076923