0 0.9747596153846154 0.6358173076923077 0.040865384615384616 0.05048076923076923
0 0.9747596153846154 0.5985576923076923 0.040865384615384616 0.04807692307692308
0 0.9735576923076923 0.5540865384615384 0.04807692307692308 0.055288461538461536
0 0.9759615384615384 0.5072115384615384 0.04807692307692308 0.052884615384615384
0 0.9759615384615384 0.46153846153846156 0.04807692307692308 0.057692307692307696
0 0.9891826923076923 0.40625 0.021634615384615384 0.052884615384615384
0 0.9375 0.43028846153846156 0.07692307692307693 0.04326923076923077
0 0.9158653846153846 0.47596153846153844 0.08173076923076923 0.0673076923076923
0 0.9122596153846154 0.5216346153846154 0.07932692307692307 0.0625
0 0.9122596153846154 0.5637019230769231 0.07451923076923077 0.06009615384615385
0 0.9134615384615384 0.6069711538461539 0.07211538461538461 0.055288461538461536
0 0.9122596153846154 0.6466346153846154 0.06971153846153846 0.04807692307692308
0 0.8617788461538461 0.43990384615384615 0.07451923076923077 0.057692307692307696
0 0.8389423076923077 0.49278846153846156 0.07211538461538461 0.0625
0 0.8353365384615384 0.5348557692307693 0.06971153846153846 0.055288461538461536
0 0.8353365384615384 0.5757211538461539 0.06971153846153846 0.055288461538461536
0 0.8305288461538461 0.6189903846153846 0.06490384615384616 0.04567307692307692
0 0.8305288461538461 0.65625 0.06490384615384616 0.04807692307692308
0 0.7403846153846154 0.47596153846153844 0.028846153846153848 0.03365384615384615
0 0.7415865384615384 0.5132211538461539 0.03125 0.040865384615384616
0 0.7403846153846154 0.5540865384615384 0.028846153846153848 0.036057692307692304
0 0.7403846153846154 0.5889423076923077 0.028846153846153848 0.03365384615384615
0 0.6911057692307693 0.4831730769230769 0.07451923076923077 0.03365384615384615
0 0.6899038461538461 0.5180288461538461 0.07211538461538461 0.05048076923076923
0 0.6923076923076923 0.5588942307692307 0.07211538461538461 0.05048076923076923
0 0.6899038461538461 0.5961538461538461 0.07211538461538461 0.04807692307692308
0 0.6899038461538461 0.6334134615384616 0.0673076923076923 0.04567307692307692
0 0.6850961538461539 0.671875 0.052884615384615384 0.04567307692307692
0 0.6454326923076923 0.5036057692307693 0.021634615384615384 0.026442307692307692
0 0.6394230769230769 0.5360576923076923 0.038461538461538464 0.03365384615384615
0 0.6394230769230769 0.5709134615384616 0.038461538461538464 0.036057692307692304
0 0.6394230769230769 0.6081730769230769 0.038461538461538464 0.038461538461538464
0 0.6322115384615384 0.6514423076923077 0.052884615384615384 0.028846153846153848
0 0.6286057692307693 0.6802884615384616 0.055288461538461536 0.038461538461538464
0 0.6009615384615384 0.5096153846153846 0.0625 0.038461538461538464
0 0.5817307692307693 0.5516826923076923 0.0625 0.036057692307692304
0 0.5829326923076923 0.5829326923076923 0.06490384615384616 0.040865384615384616
0 0.5805288461538461 0.6225961538461539 0.06009615384615385 0.038461538461538464
0 0.5745192307692307 0.6526442307692307 0.052884615384615384 0.036057692307692304
0 0.5745192307692307 0.6850961538461539 0.052884615384615384 0.038461538461538464
0 0.5444711538461539 0.5300480769230769 0.04567307692307692 0.03125
0 0.5252403846153846 0.5625 0.04567307692307692 0.038461538461538464
0 0.5240384615384616 0.5973557692307693 0.04807692307692308 0.036057692307692304
0 0.5252403846153846 0.6322115384615384 0.05048076923076923 0.038461538461538464
0 0.5240384615384616 0.6646634615384616 0.04807692307692308 0.036057692307692304
0 0.5216346153846154 0.6959134615384616 0.04326923076923077 0.03125
0 0.4387019230769231 0.5745192307692307 0.040865384615384616 0.028846153846153848
0 0.4387019230769231 0.609375 0.040865384615384616 0.036057692307692304
0 0.4375 0.6418269230769231 0.04326923076923077 0.03365384615384615
0 0.4387019230769231 0.6706730769230769 0.040865384615384616 0.038461538461538464
0 0.4362980769230769 0.7043269230769231 0.036057692307692304 0.038461538461538464
0 0.49759615384615385 0.5408653846153846 0.04326923076923077 0.028846153846153848
0 0.48197115384615385 0.5733173076923077 0.040865384615384616 0.036057692307692304
0 0.47836538461538464 0.6081730769230769 0.04326923076923077 0.038461538461538464
0 0.4795673076923077 0.6394230769230769 0.040865384615384616 0.038461538461538464
0 0.47836538461538464 0.6694711538461539 0.04326923076923077 0.036057692307692304
0 0.4795673076923077 0.6983173076923077 0.040865384615384616 0.036057692307692304
0 0.421875 0.5673076923076923 0.05048076923076923 0.028846153846153848
0 0.3786057692307692 0.5757211538461539 0.040865384615384616 0.026442307692307692
0 0.3641826923076923 0.6021634615384616 0.040865384615384616 0.03125
0 0.3629807692307692 0.6298076923076923 0.038461538461538464 0.03365384615384615
0 0.3629807692307692 0.6610576923076923 0.038461538461538464 0.03365384615384615
0 0.3629807692307692 0.6862980769230769 0.038461538461538464 0.03125
0 0.36177884615384615 0.7151442307692307 0.036057692307692304 0.03125
0 0.4026442307692308 0.6057692307692307 0.03125 0.02403846153846154
0 0.39783653846153844 0.6274038461538461 0.040865384615384616 0.03365384615384615
0 0.3954326923076923 0.65625 0.040865384615384616 0.03365384615384615
0 0.3954326923076923 0.6826923076923077 0.040865384615384616 0.03365384615384615
0 0.39783653846153844 0.7115384615384616 0.040865384615384616 0.03365384615384615
0 0.32572115384615385 0.7199519230769231 0.036057692307692304 0.03125
0 0.3269230769230769 0.6959134615384616 0.03365384615384615 0.03125
0 0.32572115384615385 0.6706730769230769 0.036057692307692304 0.028846153846153848
0 0.3269230769230769 0.6394230769230769 0.03365384615384615 0.03365384615384615
0 0.328125 0.6117788461538461 0.03125 0.03125
0 0.2932692307692308 0.7223557692307693 0.028846153846153848 0.03125
0 0.2932692307692308 0.6959134615384616 0.03365384615384615 0.03125
0 0.29447115384615385 0.6682692307692307 0.03125 0.028846153846153848
0 0.29447115384615385 0.640625 0.03125 0.03125
0 0.29447115384615385 0.6117788461538461 0.03125 0.03125
0 0.2644230769230769 0.7295673076923077 0.028846153846153848 0.03125
0 0.2644230769230769 0.7043269230769231 0.028846153846153848 0.028846153846153848
0 0.2644230769230769 0.6826923076923077 0.028846153846153848 0.028846153846153848
0 0.2644230769230769 0.6550480769230769 0.028846153846153848 0.03125
0 0.2644230769230769 0.6286057692307693 0.028846153846153848 0.03125
0 0.234375 0.7319711538461539 0.03125 0.03125
0 0.23798076923076922 0.7079326923076923 0.028846153846153848 0.026442307692307692
0 0.23557692307692307 0.6862980769230769 0.028846153846153848 0.026442307692307692
0 0.23557692307692307 0.6658653846153846 0.028846153846153848 0.02403846153846154
0 0.23557692307692307 0.640625 0.028846153846153848 0.026442307692307692
0 0.20793269230769232 0.7151442307692307 0.026442307692307692 0.016826923076923076
0 0.21394230769230768 0.6935096153846154 0.014423076923076924 0.021634615384615384
0 0.21514423076923078 0.6694711538461539 0.01201923076923077 0.021634615384615384
0 0.20192307692307693 0.6935096153846154 0.009615384615384616 0.021634615384615384
0 0.20072115384615385 0.7379807692307693 0.01201923076923077 0.02403846153846154
0 0.21394230769230768 0.734375 0.014423076923076924 0.026442307692307692