0 0.9423076923076923 0.7151442307692307 0.04807692307692308 0.055288461538461536
0 0.9519230769230769 0.6778846153846154 0.04807692307692308 0.052884615384615384
0 0.9579326923076923 0.6346153846153846 0.055288461538461536 0.0625
0 0.9675480769230769 0.5877403846153846 0.055288461538461536 0.06009615384615385
0 0.9735576923076923 0.5444711538461539 0.052884615384615384 0.06490384615384616
0 0.9903846153846154 0.49278846153846156 0.019230769230769232 0.057692307692307696
0 0.9423076923076923 0.5060096153846154 0.08173076923076923 0.055288461538461536
0 0.9134615384615384 0.5492788461538461 0.09134615384615384 0.07932692307692307
0 0.9014423076923077 0.5925480769230769 0.08653846153846154 0.07451923076923077
0 0.8930288461538461 0.6346153846153846 0.08413461538461539 0.07211538461538461
0 0.8882211538461539 0.6778846153846154 0.07932692307692307 0.0673076923076923
0 0.8822115384615384 0.7151442307692307 0.07692307692307693 0.06009615384615385
0 0.8653846153846154 0.5024038461538461 0.08173076923076923 0.0673076923076923
0 0.8341346153846154 0.5504807692307693 0.08173076923076923 0.07211538461538461
0 0.8245192307692307 0.5913461538461539 0.07692307692307693 0.0673076923076923
0 0.8173076923076923 0.6322115384615384 0.07692307692307693 0.0673076923076923
0 0.8064903846153846 0.6742788461538461 0.06971153846153846 0.055288461538461536
0 0.7980769230769231 0.7115384615384616 0.07211538461538461 0.057692307692307696
0 0.7403846153846154 0.5192307692307693 0.03365384615384615 0.038461538461538464
0 0.7355769230769231 0.5564903846153846 0.038461538461538464 0.04567307692307692
0 0.7283653846153846 0.5949519230769231 0.03365384615384615 0.040865384615384616
0 0.7235576923076923 0.6298076923076923 0.03365384615384615 0.038461538461538464
0 0.6899038461538461 0.5168269230769231 0.07692307692307693 0.04326923076923077
0 0.6826923076923077 0.5504807692307693 0.07692307692307693 0.0625
0 0.6778846153846154 0.5913461538461539 0.07692307692307693 0.0625
0 0.671875 0.6286057692307693 0.07932692307692307 0.06009615384615385
0 0.6646634615384616 0.6646634615384616 0.07451923076923077 0.055288461538461536
0 0.6514423076923077 0.7019230769230769 0.057692307692307696 0.052884615384615384
0 0.6430288461538461 0.5300480769230769 0.026442307692307692 0.03125
0 0.6298076923076923 0.5588942307692307 0.04326923076923077 0.040865384615384616
0 0.625 0.59375 0.04326923076923077 0.04326923076923077
0 0.6177884615384616 0.6298076923076923 0.04326923076923077 0.04326923076923077
0 0.6021634615384616 0.671875 0.055288461538461536 0.036057692307692304
0 0.5973557692307693 0.7007211538461539 0.06009615384615385 0.04567307692307692
0 0.5985576923076923 0.5264423076923077 0.0673076923076923 0.04807692307692308
0 0.5709134615384616 0.5637019230769231 0.06490384615384616 0.04567307692307692
0 0.5661057692307693 0.5949519230769231 0.06971153846153846 0.05048076923076923
0 0.5564903846153846 0.6322115384615384 0.06490384615384616 0.04807692307692308
0 0.5480769230769231 0.6634615384615384 0.057692307692307696 0.04326923076923077
0 0.5408653846153846 0.6959134615384616 0.057692307692307696 0.04567307692307692
0 0.5372596153846154 0.5360576923076923 0.05048076923076923 0.038461538461538464
0 0.5144230769230769 0.5661057692307693 0.052884615384615384 0.04567307692307692
0 0.5072115384615384 0.5985576923076923 0.052884615384615384 0.04326923076923077
0 0.5012019230769231 0.6334134615384616 0.055288461538461536 0.04567307692307692
0 0.4951923076923077 0.6658653846153846 0.052884615384615384 0.04326923076923077
0 0.4879807692307692 0.6971153846153846 0.04807692307692308 0.038461538461538464
0 0.42788461538461536 0.5649038461538461 0.04326923076923077 0.03365384615384615
0 0.41947115384615385 0.5961538461538461 0.04567307692307692 0.04326923076923077
0 0.41346153846153844 0.6286057692307693 0.04807692307692308 0.040865384615384616
0 0.40865384615384615 0.6574519230769231 0.04807692307692308 0.04567307692307692
0 0.4026442307692308 0.6923076923076923 0.040865384615384616 0.04326923076923077
0 0.49038461538461536 0.5396634615384616 0.04807692307692308 0.036057692307692304
0 0.4675480769230769 0.5697115384615384 0.04567307692307692 0.04326923076923077
0 0.46033653846153844 0.6021634615384616 0.05048076923076923 0.04567307692307692
0 0.4567307692307692 0.6334134615384616 0.04807692307692308 0.04567307692307692
0 0.4495192307692308 0.6634615384615384 0.04807692307692308 0.04326923076923077
0 0.44591346153846156 0.6923076923076923 0.04567307692307692 0.04326923076923077
0 0.41346153846153844 0.5516826923076923 0.052884615384615384 0.036057692307692304
0 0.36778846153846156 0.5516826923076923 0.04326923076923077 0.03125
0 0.35096153846153844 0.5757211538461539 0.04326923076923077 0.036057692307692304
0 0.34134615384615385 0.6045673076923077 0.04326923076923077 0.040865384615384616
0 0.33653846153846156 0.6358173076923077 0.04326923076923077 0.040865384615384616
0 0.3329326923076923 0.6598557692307693 0.040865384615384616 0.036057692307692304
0 0.3245192307692308 0.6862980769230769 0.038461538461538464 0.036057692307692304
0 0.3870192307692308 0.5865384615384616 0.03365384615384615 0.028846153846153848
0 0.3762019230769231 0.6069711538461539 0.04567307692307692 0.040865384615384616
0 0.3713942307692308 0.6358173076923077 0.04567307692307692 0.040865384615384616
0 0.36658653846153844 0.6622596153846154 0.04567307692307692 0.040865384615384616
0 0.36177884615384615 0.6911057692307693 0.04567307692307692 0.040865384615384616
0 0.29086538461538464 0.6862980769230769 0.038461538461538464 0.036057692307692304
0 0.2956730769230769 0.6622596153846154 0.038461538461538464 0.036057692307692304
0 0.3004807692307692 0.6370192307692307 0.038461538461538464 0.03365384615384615
0 0.30528846153846156 0.6081730769230769 0.038461538461538464 0.038461538461538464
0 0.3112980769230769 0.578125 0.036057692307692304 0.036057692307692304
0 0.25961538461538464 0.6850961538461539 0.03365384615384615 0.03365384615384615
0 0.2620192307692308 0.6574519230769231 0.038461538461538464 0.036057692307692304
0 0.26802884615384615 0.6298076923076923 0.036057692307692304 0.03365384615384615
0 0.27283653846153844 0.6045673076923077 0.036057692307692304 0.036057692307692304
0 0.2776442307692308 0.5757211538461539 0.036057692307692304 0.036057692307692304
0 0.2283653846153846 0.6850961538461539 0.03365384615384615 0.03365384615384615
0 0.23317307692307693 0.6598557692307693 0.03365384615384615 0.03125
0 0.23557692307692307 0.6382211538461539 0.03365384615384615 0.03125
0 0.2403846153846154 0.6129807692307693 0.03365384615384615 0.03365384615384615
0 0.24519230769230768 0.5841346153846154 0.03365384615384615 0.03365384615384615
0 0.19831730769230768 0.6814903846153846 0.036057692307692304 0.036057692307692304
0 0.20552884615384615 0.6586538461538461 0.03125 0.028846153846153848
0 0.20793269230769232 0.6370192307692307 0.03125 0.028846153846153848
0 0.21033653846153846 0.6165865384615384 0.03125 0.026442307692307692
0 0.21514423076923078 0.59375 0.03125 0.028846153846153848
0 0.17548076923076922 0.6598557692307693 0.028846153846153848 0.021634615384615384
0 0.18509615384615385 0.6394230769230769 0.019230769230769232 0.02403846153846154
0 0.18870192307692307 0.6177884615384616 0.016826923076923076 0.02403846153846154
0 0.17307692307692307 0.6394230769230769 0.014423076923076924 0.02403846153846154
0 0.1658653846153846 0.6838942307692307 0.014423076923076924 0.026442307692307692
0 0.17668269230769232 0.6802884615384616 0.016826923076923076 0.028846153846153848