0 0.9807692307692307 0.6105769230769231 0.038461538461538464 0.04807692307692308
0 0.9807692307692307 0.5733173076923077 0.038461538461538464 0.04567307692307692
0 0.9759615384615384 0.5288461538461539 0.04326923076923077 0.052884615384615384
0 0.9759615384615384 0.48197115384615385 0.04326923076923077 0.05048076923076923
0 0.9747596153846154 0.4375 0.04567307692307692 0.057692307692307696
0 0.9855769230769231 0.38221153846153844 0.02403846153846154 0.052884615384615384
0 0.9314903846153846 0.40625 0.07451923076923077 0.038461538461538464
0 0.9134615384615384 0.4543269230769231 0.07692307692307693 0.0625
0 0.9134615384615384 0.5 0.07692307692307693 0.057692307692307696
0 0.9134615384615384 0.5432692307692307 0.07211538461538461 0.057692307692307696
0 0.9182692307692307 0.5865384615384616 0.0673076923076923 0.052884615384615384
0 0.9206730769230769 0.6237980769230769 0.0673076923076923 0.04567307692307692
0 0.8581730769230769 0.4206730769230769 0.07211538461538461 0.052884615384615384
0 0.8377403846153846 0.4735576923076923 0.06971153846153846 0.057692307692307696
0 0.8365384615384616 0.5168269230769231 0.0673076923076923 0.052884615384615384
0 0.8389423076923077 0.5576923076923077 0.0673076923076923 0.052884615384615384
0 0.8365384615384616 0.6009615384615384 0.0625 0.04326923076923077
0 0.8389423076923077 0.6382211538461539 0.0625 0.04567307692307692
0 0.7391826923076923 0.4639423076923077 0.026442307692307692 0.03365384615384615
0 0.7403846153846154 0.5024038461538461 0.028846153846153848 0.038461538461538464
0 0.7427884615384616 0.5408653846153846 0.028846153846153848 0.03365384615384615
0 0.7463942307692307 0.5769230769230769 0.026442307692307692 0.03365384615384615
0 0.6899038461538461 0.4735576923076923 0.07211538461538461 0.028846153846153848
0 0.6899038461538461 0.5096153846153846 0.0673076923076923 0.04807692307692308
0 0.6947115384615384 0.5480769230769231 0.0673076923076923 0.04807692307692308
0 0.6959134615384616 0.5853365384615384 0.06971153846153846 0.04567307692307692
0 0.6971153846153846 0.6225961538461539 0.0673076923076923 0.04326923076923077
0 0.6935096153846154 0.6610576923076923 0.05048076923076923 0.04326923076923077
0 0.6442307692307693 0.4963942307692308 0.019230769230769232 0.026442307692307692
0 0.640625 0.5288461538461539 0.036057692307692304 0.03365384615384615
0 0.6430288461538461 0.5649038461538461 0.036057692307692304 0.03365384615384615
0 0.6454326923076923 0.6009615384615384 0.036057692307692304 0.038461538461538464
0 0.6382211538461539 0.6430288461538461 0.05048076923076923 0.026442307692307692
0 0.6394230769230769 0.6730769230769231 0.052884615384615384 0.03365384615384615
0 0.6021634615384616 0.5048076923076923 0.06009615384615385 0.03365384615384615
0 0.5829326923076923 0.5456730769230769 0.06009615384615385 0.03365384615384615
0 0.5865384615384616 0.5793269230769231 0.0625 0.038461538461538464
0 0.5865384615384616 0.6177884615384616 0.057692307692307696 0.03365384615384615
0 0.5817307692307693 0.6490384615384616 0.052884615384615384 0.03365384615384615
0 0.5853365384615384 0.6826923076923077 0.05048076923076923 0.03365384615384615
0 0.5456730769230769 0.5264423076923077 0.04326923076923077 0.028846153846153848
0 0.5288461538461539 0.5625 0.04326923076923077 0.038461538461538464
0 0.5300480769230769 0.5961538461538461 0.04567307692307692 0.03365384615384615
0 0.53125 0.6298076923076923 0.04807692307692308 0.03365384615384615
0 0.5324519230769231 0.6634615384615384 0.04567307692307692 0.03365384615384615
0 0.5336538461538461 0.6947115384615384 0.04326923076923077 0.028846153846153848
0 0.4423076923076923 0.578125 0.038461538461538464 0.026442307692307692
0 0.44471153846153844 0.6129807692307693 0.038461538461538464 0.03365384615384615
0 0.44471153846153844 0.6442307692307693 0.04326923076923077 0.03365384615384615
0 0.44711538461538464 0.6730769230769231 0.038461538461538464 0.038461538461538464
0 0.44711538461538464 0.7091346153846154 0.03365384615384615 0.038461538461538464
0 0.5 0.5396634615384616 0.04326923076923077 0.026442307692307692
0 0.4855769230769231 0.5745192307692307 0.038461538461538464 0.03365384615384615
0 0.4855769230769231 0.6081730769230769 0.04326923076923077 0.038461538461538464
0 0.4879807692307692 0.6394230769230769 0.038461538461538464 0.038461538461538464
0 0.4879807692307692 0.6706730769230769 0.04326923076923077 0.03365384615384615
0 0.49038461538461536 0.6995192307692307 0.038461538461538464 0.03365384615384615
0 0.4254807692307692 0.5709134615384616 0.04807692307692308 0.026442307692307692
0 0.38221153846153844 0.5817307692307693 0.038461538461538464 0.02403846153846154
0 0.3701923076923077 0.6081730769230769 0.038461538461538464 0.028846153846153848
0 0.36899038461538464 0.6370192307692307 0.036057692307692304 0.03365384615384615
0 0.3713942307692308 0.6682692307692307 0.036057692307692304 0.03365384615384615
0 0.3713942307692308 0.6947115384615384 0.036057692307692304 0.028846153846153848
0 0.37259615384615385 0.7211538461538461 0.03365384615384615 0.028846153846153848
0 0.40865384615384615 0.609375 0.028846153846153848 0.021634615384615384
0 0.40384615384615385 0.6322115384615384 0.038461538461538464 0.03365384615384615
0 0.40384615384615385 0.6610576923076923 0.038461538461538464 0.03365384615384615
0 0.40625 0.6875 0.038461538461538464 0.03365384615384615
0 0.40865384615384615 0.7163461538461539 0.038461538461538464 0.03365384615384615
0 0.3389423076923077 0.7283653846153846 0.03365384615384615 0.028846153846153848
0 0.33653846153846156 0.7043269230769231 0.03365384615384615 0.028846153846153848
0 0.33653846153846156 0.6790865384615384 0.03365384615384615 0.026442307692307692
0 0.33413461538461536 0.6490384615384616 0.03365384615384615 0.03365384615384615
0 0.33413461538461536 0.6201923076923077 0.028846153846153848 0.028846153846153848
0 0.30528846153846156 0.7331730769230769 0.028846153846153848 0.028846153846153848
0 0.30528846153846156 0.7067307692307693 0.03365384615384615 0.028846153846153848
0 0.30288461538461536 0.6790865384615384 0.028846153846153848 0.026442307692307692
0 0.30288461538461536 0.6514423076923077 0.028846153846153848 0.028846153846153848
0 0.3004807692307692 0.6225961538461539 0.028846153846153848 0.028846153846153848
0 0.2764423076923077 0.7403846153846154 0.028846153846153848 0.028846153846153848
0 0.2764423076923077 0.7175480769230769 0.028846153846153848 0.026442307692307692
0 0.27403846153846156 0.6935096153846154 0.028846153846153848 0.026442307692307692
0 0.27163461538461536 0.6682692307692307 0.028846153846153848 0.028846153846153848
0 0.27163461538461536 0.6394230769230769 0.028846153846153848 0.028846153846153848
0 0.24519230769230768 0.7451923076923077 0.028846153846153848 0.028846153846153848
0 0.24759615384615385 0.7211538461538461 0.028846153846153848 0.02403846153846154
0 0.24519230769230768 0.6995192307692307 0.028846153846153848 0.02403846153846154
0 0.24519230769230768 0.6790865384615384 0.028846153846153848 0.021634615384615384
0 0.24278846153846154 0.6538461538461539 0.028846153846153848 0.02403846153846154
0 0.21995192307692307 0.7283653846153846 0.026442307692307692 0.014423076923076924
0 0.22355769230769232 0.7079326923076923 0.014423076923076924 0.021634615384615384
0 0.2247596153846154 0.6838942307692307 0.01201923076923077 0.021634615384615384
0 0.21153846153846154 0.7079326923076923 0.009615384615384616 0.021634615384615384
0 0.21394230769230768 0.7548076923076923 0.009615384615384616 0.02403846153846154
0 0.22716346153846154 0.7487980769230769 0.01201923076923077 0.026442307692307692