0 0.15625 0.2800480769230769 0.30288461538461536 0.31490384615384615
0 0.12379807692307693 0.609375 0.24759615384615385 0.37259615384615385
0 0.0889423076923077 0.8834134615384616 0.1778846153846154 0.19471153846153846
0 0.43509615384615385 0.23557692307692307 0.36538461538461536 0.3125
0 0.3870192307692308 0.5661057692307693 0.40384615384615385 0.4206730769230769
0 0.35697115384615385 0.8713942307692307 0.41586538461538464 0.24278846153846154
0 0.7271634615384616 0.9074519230769231 0.3918269230769231 0.18509615384615385
0 0.734375 0.6478365384615384 0.37740384615384615 0.36778846153846156
0 0.75 0.3233173076923077 0.33653846153846156 0.31009615384615385
0 0.9483173076923077 0.3016826923076923 0.10336538461538461 0.3004807692307692
0 0.9471153846153846 0.6322115384615384 0.10576923076923077 0.40865384615384615
0 0.9435096153846154 0.9158653846153846 0.06490384615384616 0.16826923076923078