0 0.1935096153846154 0.014423076923076924 0.036057692307692304 0.028846153846153848
0 0.21153846153846154 0.014423076923076924 0.028846153846153848 0.028846153846153848
0 0.22956730769230768 0.016826923076923076 0.03125 0.03365384615384615
0 0.24879807692307693 0.018028846153846152 0.03125 0.036057692307692304
0 0.2668269230769231 0.019230769230769232 0.028846153846153848 0.038461538461538464
0 0.28725961538461536 0.02403846153846154 0.03125 0.04326923076923077
0 0.30288461538461536 0.026442307692307692 0.028846153846153848 0.038461538461538464
0 0.31850961538461536 0.004807692307692308 0.03125 0.009615384615384616
0 0.390625 0.009615384615384616 0.03125 0.019230769230769232
0 0.42788461538461536 0.01201923076923077 0.02403846153846154 0.02403846153846154
0 0.46634615384615385 0.014423076923076924 0.02403846153846154 0.028846153846153848
0 0.5192307692307693 0.025240384615384616 0.028846153846153848 0.03125
0 0.5745192307692307 0.03365384615384615 0.02403846153846154 0.028846153846153848
0 0.32091346153846156 0.02403846153846154 0.03125 0.04326923076923077
0 0.3425480769230769 0.03125 0.036057692307692304 0.04326923076923077
0 0.3605769230769231 0.03125 0.028846153846153848 0.04326923076923077
0 0.3786057692307692 0.036057692307692304 0.03125 0.04326923076923077
0 0.3942307692307692 0.039663461538461536 0.028846153846153848 0.040865384615384616
0 0.41586538461538464 0.039663461538461536 0.028846153846153848 0.040865384615384616
0 0.4326923076923077 0.04447115384615385 0.028846153846153848 0.040865384615384616
0 0.45072115384615385 0.04807692307692308 0.03125 0.04326923076923077
0 0.46875 0.04927884615384615 0.028846153846153848 0.040865384615384616
0 0.48677884615384615 0.05048076923076923 0.026442307692307692 0.04326923076923077
0 0.5060096153846154 0.055288461538461536 0.026442307692307692 0.038461538461538464
0 0.5276442307692307 0.056490384615384616 0.03125 0.040865384615384616
0 0.5612980769230769 0.06370192307692307 0.03125 0.040865384615384616
0 0.5793269230769231 0.0673076923076923 0.028846153846153848 0.038461538461538464
0 0.5925480769230769 0.038461538461538464 0.026442307692307692 0.02403846153846154
0 0.5985576923076923 0.06971153846153846 0.028846153846153848 0.04326923076923077
0 0.6141826923076923 0.07451923076923077 0.03125 0.04326923076923077
0 0.6358173076923077 0.0733173076923077 0.026442307692307692 0.040865384615384616
0 0.6574519230769231 0.07692307692307693 0.03125 0.04326923076923077
0 0.6875 0.08653846153846154 0.02403846153846154 0.02403846153846154
0 0.6658653846153846 0.04567307692307692 0.02403846153846154 0.02403846153846154
0 0.6838942307692307 0.04807692307692308 0.021634615384615384 0.02403846153846154
0 0.703125 0.055288461538461536 0.026442307692307692 0.038461538461538464
0 0.7115384615384616 0.08533653846153846 0.03365384615384615 0.04567307692307692
0 0.7259615384615384 0.09014423076923077 0.02403846153846154 0.026442307692307692
0 0.7367788461538461 0.05889423076923077 0.03125 0.040865384615384616
0 0.7475961538461539 0.09014423076923077 0.028846153846153848 0.040865384615384616
0 0.7668269230769231 0.09254807692307693 0.02403846153846154 0.040865384615384616
0 0.7860576923076923 0.09495192307692307 0.028846153846153848 0.040865384615384616
0 0.7980769230769231 0.06490384615384616 0.028846153846153848 0.028846153846153848
0 0.8016826923076923 0.09975961538461539 0.026442307692307692 0.040865384615384616
0 0.8245192307692307 0.10216346153846154 0.028846153846153848 0.040865384615384616
0 0.8401442307692307 0.1045673076923077 0.026442307692307692 0.040865384615384616
0 0.8605769230769231 0.10817307692307693 0.028846153846153848 0.04326923076923077
0 0.8317307692307693 0.07091346153846154 0.02403846153846154 0.026442307692307692
0 0.8485576923076923 0.07091346153846154 0.02403846153846154 0.03125
0 0.8870192307692307 0.078125 0.028846153846153848 0.03125
0 0.8774038461538461 0.11057692307692307 0.028846153846153848 0.04326923076923077
0 0.8954326923076923 0.1141826923076923 0.026442307692307692 0.04567307692307692
0 0.9170673076923077 0.11658653846153846 0.026442307692307692 0.040865384615384616
0 0.9362980769230769 0.1201923076923077 0.026442307692307692 0.04326923076923077
0 0.9555288461538461 0.12139423076923077 0.026442307692307692 0.040865384615384616
0 0.9254807692307693 0.08413461538461539 0.02403846153846154 0.03365384615384615
0 0.9435096153846154 0.08774038461538461 0.021634615384615384 0.026442307692307692
0 0.9615384615384616 0.0889423076923077 0.028846153846153848 0.028846153846153848
0 0.9807692307692307 0.09375 0.02403846153846154 0.02403846153846154
0 0.9927884615384616 0.09375 0.014423076923076924 0.028846153846153848
0 0.9735576923076923 0.125 0.028846153846153848 0.04326923076923077
0 0.9891826923076923 0.125 0.021634615384615384 0.04326923076923077
0 0.9963942307692307 0.23197115384615385 0.007211538461538462 0.03125
0 0.9903846153846154 0.19230769230769232 0.019230769230769232 0.03365384615384615
0 0.9831730769230769 0.2283653846153846 0.028846153846153848 0.04326923076923077
0 0.9651442307692307 0.22716346153846154 0.026442307692307692 0.04567307692307692
0 0.9723557692307693 0.19110576923076922 0.026442307692307692 0.036057692307692304
0 0.9519230769230769 0.18990384615384615 0.02403846153846154 0.03365384615384615
0 0.9459134615384616 0.22235576923076922 0.03125 0.04567307692307692
0 0.9242788461538461 0.21995192307692307 0.03125 0.04567307692307692
0 0.9338942307692307 0.18629807692307693 0.021634615384615384 0.03125
0 0.9026442307692307 0.21754807692307693 0.03125 0.04567307692307692
0 0.8822115384615384 0.21394230769230768 0.028846153846153848 0.04326923076923077
0 0.8966346153846154 0.18028846153846154 0.028846153846153848 0.03365384615384615
0 0.8629807692307693 0.21153846153846154 0.02403846153846154 0.04326923076923077
0 0.8725961538461539 0.17548076923076922 0.02403846153846154 0.03365384615384615
0 0.8449519230769231 0.2091346153846154 0.026442307692307692 0.04326923076923077
0 0.8521634615384616 0.171875 0.026442307692307692 0.036057692307692304
0 0.8257211538461539 0.20432692307692307 0.026442307692307692 0.04326923076923077
0 0.8341346153846154 0.17067307692307693 0.02403846153846154 0.03365384615384615
0 0.8052884615384616 0.20432692307692307 0.028846153846153848 0.04326923076923077
0 0.8173076923076923 0.16706730769230768 0.028846153846153848 0.036057692307692304
0 0.7860576923076923 0.20072115384615385 0.03365384615384615 0.04567307692307692
0 0.7980769230769231 0.16466346153846154 0.028846153846153848 0.036057692307692304
0 0.7668269230769231 0.19591346153846154 0.03365384615384615 0.04567307692307692
0 0.78125 0.16346153846153846 0.02403846153846154 0.03365384615384615
0 0.7487980769230769 0.1935096153846154 0.026442307692307692 0.04567307692307692
0 0.7596153846153846 0.15865384615384615 0.028846153846153848 0.03365384615384615
0 0.7307692307692307 0.18990384615384615 0.028846153846153848 0.04326923076923077
0 0.7379807692307693 0.15625 0.028846153846153848 0.03365384615384615
0 0.7091346153846154 0.18629807692307693 0.03365384615384615 0.04567307692307692
0 0.7211538461538461 0.15264423076923078 0.02403846153846154 0.03125
0 0.7019230769230769 0.1502403846153846 0.028846153846153848 0.03125
0 0.6899038461538461 0.18509615384615385 0.03365384615384615 0.04807692307692308
0 0.6694711538461539 0.1814903846153846 0.03125 0.04567307692307692
0 0.6514423076923077 0.1778846153846154 0.028846153846153848 0.04326923076923077
0 0.6658653846153846 0.14543269230769232 0.03365384615384615 0.03125
0 0.6430288461538461 0.14182692307692307 0.03125 0.03365384615384615
0 0.6298076923076923 0.17548076923076922 0.028846153846153848 0.04326923076923077
0 0.609375 0.171875 0.03125 0.04567307692307692
0 0.5913461538461539 0.16947115384615385 0.03365384615384615 0.04567307692307692
0 0.5901442307692307 0.1346153846153846 0.03125 0.04326923076923077
0 0.5721153846153846 0.171875 0.02403846153846154 0.03125
0 0.5528846153846154 0.16706730769230768 0.028846153846153848 0.03125
0 0.5372596153846154 0.16105769230769232 0.03125 0.04326923076923077
0 0.5480769230769231 0.12620192307692307 0.03365384615384615 0.036057692307692304
0 0.5168269230769231 0.15745192307692307 0.03365384615384615 0.04567307692307692
0 0.5276442307692307 0.125 0.03125 0.03365384615384615
0 0.5096153846153846 0.12139423076923077 0.028846153846153848 0.03125
0 0.49399038461538464 0.15625 0.03125 0.04326923076923077
0 0.47596153846153844 0.14903846153846154 0.028846153846153848 0.04326923076923077
0 0.4891826923076923 0.11778846153846154 0.03125 0.03365384615384615
0 0.46875 0.11538461538461539 0.028846153846153848 0.03365384615384615
0 0.4579326923076923 0.1502403846153846 0.03125 0.04567307692307692
0 0.4362980769230769 0.1466346153846154 0.03125 0.04326923076923077
0 0.4495192307692308 0.11298076923076923 0.028846153846153848 0.03365384615384615
0 0.4170673076923077 0.14182692307692307 0.03125 0.04326923076923077
0 0.39903846153846156 0.13942307692307693 0.028846153846153848 0.04326923076923077
0 0.3786057692307692 0.13701923076923078 0.03125 0.04326923076923077
0 0.39663461538461536 0.1045673076923077 0.028846153846153848 0.03125
0 0.3786057692307692 0.10096153846153846 0.03125 0.03365384615384615
0 0.359375 0.1346153846153846 0.03125 0.04326923076923077
0 0.3401442307692308 0.12980769230769232 0.03125 0.04326923076923077
0 0.32211538461538464 0.12740384615384615 0.028846153846153848 0.04326923076923077
0 0.30408653846153844 0.125 0.03125 0.04326923076923077
0 0.2824519230769231 0.1201923076923077 0.03125 0.04326923076923077
0 0.26322115384615385 0.11778846153846154 0.03125 0.04326923076923077
0 0.2439903846153846 0.11538461538461539 0.036057692307692304 0.04326923076923077
0 0.22115384615384615 0.1201923076923077 0.028846153846153848 0.028846153846153848
0 0.21033653846153846 0.11057692307692307 0.036057692307692304 0.04326923076923077
0 0.18990384615384615 0.10817307692307693 0.038461538461538464 0.04326923076923077
0 0.171875 0.10336538461538461 0.036057692307692304 0.04326923076923077
0 0.1502403846153846 0.09975961538461539 0.036057692307692304 0.04567307692307692
0 0.12980769230769232 0.0985576923076923 0.038461538461538464 0.04807692307692308
0 0.35697115384615385 0.09615384615384616 0.03125 0.03365384615384615
0 0.33774038461538464 0.09495192307692307 0.03125 0.03125
0 0.3161057692307692 0.09134615384615384 0.03125 0.03365384615384615
0 0.2980769230769231 0.08774038461538461 0.028846153846153848 0.03125
0 0.2824519230769231 0.08533653846153846 0.03125 0.03125
0 0.2620192307692308 0.0829326923076923 0.03365384615384615 0.03125
0 0.2439903846153846 0.07932692307692307 0.03125 0.03365384615384615
0 0.22355769230769232 0.078125 0.028846153846153848 0.03125
0 0.20432692307692307 0.0733173076923077 0.03365384615384615 0.03125
0 0.1875 0.07091346153846154 0.03365384615384615 0.03125
0 0.16947115384615385 0.06490384615384616 0.036057692307692304 0.03365384615384615
0 0.14903846153846154 0.0625 0.03365384615384615 0.03365384615384615
0 0.0625 0.19591346153846154 0.038461538461538464 0.04567307692307692
0 0.08052884615384616 0.19951923076923078 0.036057692307692304 0.04807692307692308
0 0.10216346153846154 0.16706730769230768 0.036057692307692304 0.03125
0 0.10216346153846154 0.20552884615384615 0.03125 0.03125
0 0.12139423076923077 0.20552884615384615 0.036057692307692304 0.04567307692307692
0 0.140625 0.171875 0.036057692307692304 0.036057692307692304
0 0.1622596153846154 0.17548076923076922 0.03125 0.03365384615384615
0 0.14423076923076922 0.2127403846153846 0.03365384615384615 0.05048076923076923
0 0.16346153846153846 0.21394230769230768 0.03365384615384615 0.04807692307692308
0 0.17908653846153846 0.1778846153846154 0.03125 0.03365384615384615
0 0.19951923076923078 0.1814903846153846 0.03365384615384615 0.036057692307692304
0 0.18509615384615385 0.21514423076923078 0.03365384615384615 0.04567307692307692
0 0.20552884615384615 0.21875 0.03125 0.04326923076923077
0 0.22115384615384615 0.18509615384615385 0.03365384615384615 0.03365384615384615
0 0.2439903846153846 0.19110576923076922 0.036057692307692304 0.036057692307692304
0 0.22235576923076922 0.22355769230769232 0.036057692307692304 0.04326923076923077
0 0.24519230769230768 0.22596153846153846 0.03365384615384615 0.04807692307692308
0 0.2776442307692308 0.19471153846153846 0.03125 0.03365384615384615
0 0.26802884615384615 0.22956730769230768 0.036057692307692304 0.04567307692307692
0 0.3016826923076923 0.24158653846153846 0.03125 0.03125
0 0.296875 0.20072115384615385 0.026442307692307692 0.026442307692307692
0 0.32091346153846156 0.203125 0.03125 0.040865384615384616
0 0.33774038461538464 0.2091346153846154 0.03125 0.04326923076923077
0 0.3425480769230769 0.24278846153846154 0.036057692307692304 0.04807692307692308
0 0.359375 0.20673076923076922 0.03125 0.03365384615384615
0 0.37740384615384615 0.2091346153846154 0.03365384615384615 0.03365384615384615
0 0.3641826923076923 0.24519230769230768 0.036057692307692304 0.04807692307692308
0 0.39903846153846156 0.21394230769230768 0.028846153846153848 0.03365384615384615
0 0.38341346153846156 0.24759615384615385 0.03125 0.04807692307692308
0 0.4182692307692308 0.21514423076923078 0.03365384615384615 0.036057692307692304
0 0.40384615384615385 0.25240384615384615 0.03365384615384615 0.04807692307692308
0 0.4230769230769231 0.2536057692307692 0.03365384615384615 0.04567307692307692
0 0.4423076923076923 0.2608173076923077 0.02403846153846154 0.03125
0 0.45552884615384615 0.2247596153846154 0.036057692307692304 0.04567307692307692
0 0.47716346153846156 0.2283653846153846 0.036057692307692304 0.04326923076923077
0 0.46634615384615385 0.26322115384615385 0.02403846153846154 0.03125
0 0.4831730769230769 0.265625 0.02403846153846154 0.03125
0 0.49759615384615385 0.234375 0.03365384615384615 0.04567307692307692
0 0.5060096153846154 0.2668269230769231 0.03125 0.04807692307692308
0 0.5192307692307693 0.23317307692307693 0.028846153846153848 0.03365384615384615
0 0.5408653846153846 0.23677884615384615 0.03365384615384615 0.03125
0 0.5240384615384616 0.2692307692307692 0.03365384615384615 0.04807692307692308
0 0.5444711538461539 0.27163461538461536 0.03125 0.04807692307692308
0 0.5661057692307693 0.2764423076923077 0.03125 0.04807692307692308
0 0.5841346153846154 0.2403846153846154 0.02403846153846154 0.02403846153846154