0 0.09735576923076923 0.5372596153846154 0.06009615384615385 0.04567307692307692
0 0.09254807692307693 0.5769230769230769 0.055288461538461536 0.04807692307692308
0 0.08774038461538461 0.6141826923076923 0.055288461538461536 0.04567307692307692
0 0.0829326923076923 0.6514423076923077 0.055288461538461536 0.04807692307692308
0 0.15865384615384615 0.5456730769230769 0.07211538461538461 0.04807692307692308
0 0.15384615384615385 0.5841346153846154 0.07692307692307693 0.04807692307692308
0 0.13701923076923078 0.6213942307692307 0.052884615384615384 0.04567307692307692
0 0.13221153846153846 0.6610576923076923 0.052884615384615384 0.04326923076923077
0 0.18509615384615385 0.6322115384615384 0.052884615384615384 0.04326923076923077
0 0.17908653846153846 0.6682692307692307 0.055288461538461536 0.04326923076923077
0 0.2283653846153846 0.6754807692307693 0.052884615384615384 0.04326923076923077
0 0.23317307692307693 0.6394230769230769 0.052884615384615384 0.04326923076923077
0 0.22115384615384615 0.5661057692307693 0.052884615384615384 0.04567307692307692
0 0.22596153846153846 0.5288461538461539 0.052884615384615384 0.04326923076923077
0 0.18028846153846154 0.5204326923076923 0.04807692307692308 0.040865384615384616
0 0.26322115384615385 0.5336538461538461 0.026442307692307692 0.038461538461538464
0 0.25600961538461536 0.5709134615384616 0.026442307692307692 0.04567307692307692
0 0.21394230769230768 0.6033653846153846 0.052884615384615384 0.038461538461538464
0 0.25 0.6045673076923077 0.028846153846153848 0.036057692307692304
0 0.29927884615384615 0.5048076923076923 0.055288461538461536 0.04326923076923077
0 0.29447115384615385 0.5384615384615384 0.06009615384615385 0.04326923076923077
0 0.28966346153846156 0.5721153846153846 0.06009615384615385 0.04807692307692308
0 0.28725961538461536 0.6081730769230769 0.06009615384615385 0.04326923076923077
0 0.28125 0.6466346153846154 0.0625 0.04807692307692308
0 0.2764423076923077 0.6826923076923077 0.0625 0.04326923076923077
0 0.3473557692307692 0.5072115384615384 0.06009615384615385 0.04326923076923077
0 0.3425480769230769 0.5444711538461539 0.06009615384615385 0.05048076923076923
0 0.33653846153846156 0.5805288461538461 0.0625 0.05048076923076923
0 0.33533653846153844 0.6153846153846154 0.06009615384615385 0.04326923076923077
0 0.3317307692307692 0.6490384615384616 0.0625 0.04807692307692308
0 0.32572115384615385 0.6875 0.06009615384615385 0.04807692307692308
0 0.3954326923076923 0.5144230769230769 0.055288461538461536 0.04326923076923077
0 0.39302884615384615 0.5492788461538461 0.06009615384615385 0.05048076923076923
0 0.3858173076923077 0.5877403846153846 0.06009615384615385 0.05048076923076923
0 0.38341346153846156 0.6213942307692307 0.055288461538461536 0.040865384615384616
0 0.3786057692307692 0.6574519230769231 0.055288461538461536 0.05048076923076923
0 0.3762019230769231 0.6947115384615384 0.055288461538461536 0.04807692307692308
0 0.44350961538461536 0.5204326923076923 0.055288461538461536 0.040865384615384616
0 0.4362980769230769 0.5552884615384616 0.055288461538461536 0.04807692307692308
0 0.43149038461538464 0.59375 0.055288461538461536 0.04807692307692308
0 0.43149038461538464 0.6298076923076923 0.06009615384615385 0.04326923076923077
0 0.4254807692307692 0.6634615384615384 0.0625 0.052884615384615384
0 0.4230769230769231 0.7019230769230769 0.0625 0.04326923076923077
0 0.4987980769230769 0.5264423076923077 0.07451923076923077 0.04807692307692308
0 0.49759615384615385 0.5649038461538461 0.07692307692307693 0.04807692307692308
0 0.4891826923076923 0.6033653846153846 0.07932692307692307 0.052884615384615384
0 0.47716346153846156 0.6334134615384616 0.055288461538461536 0.040865384615384616
0 0.47475961538461536 0.6706730769230769 0.06009615384615385 0.04807692307692308
0 0.4723557692307692 0.7079326923076923 0.055288461538461536 0.04567307692307692
0 0.5540865384615384 0.5757211538461539 0.055288461538461536 0.040865384615384616
0 0.5408653846153846 0.6105769230769231 0.038461538461538464 0.04326923076923077
0 0.5276442307692307 0.6430288461538461 0.055288461538461536 0.040865384615384616
0 0.5252403846153846 0.6802884615384616 0.055288461538461536 0.04807692307692308
0 0.5204326923076923 0.7163461538461539 0.055288461538461536 0.04326923076923077
0 0.5997596153846154 0.5769230769230769 0.05048076923076923 0.03365384615384615
0 0.5889423076923077 0.6069711538461539 0.07211538461538461 0.04567307692307692
0 0.578125 0.6442307692307693 0.055288461538461536 0.04807692307692308
0 0.5733173076923077 0.6826923076923077 0.055288461538461536 0.04807692307692308
0 0.5685096153846154 0.7199519230769231 0.055288461538461536 0.04567307692307692
0 0.65625 0.5901442307692307 0.07211538461538461 0.04567307692307692
0 0.6466346153846154 0.6201923076923077 0.04807692307692308 0.03365384615384615
0 0.6346153846153846 0.6502403846153846 0.07211538461538461 0.05048076923076923
0 0.6310096153846154 0.6899038461538461 0.07451923076923077 0.04807692307692308
0 0.625 0.7295673076923077 0.07211538461538461 0.04567307692307692
0 0.6983173076923077 0.6334134615384616 0.06490384615384616 0.04567307692307692
0 0.6947115384615384 0.671875 0.0673076923076923 0.04567307692307692
0 0.6802884615384616 0.7067307692307693 0.038461538461538464 0.04326923076923077
0 0.7103365384615384 0.7091346153846154 0.036057692307692304 0.04326923076923077
0 0.765625 0.6466346153846154 0.026442307692307692 0.038461538461538464
0 0.7644230769230769 0.6826923076923077 0.02403846153846154 0.038461538461538464
0 0.7548076923076923 0.7175480769230769 0.028846153846153848 0.040865384615384616
0 0.7752403846153846 0.6298076923076923 0.036057692307692304 0.038461538461538464
0 0.7800480769230769 0.6610576923076923 0.016826923076923076 0.028846153846153848
0 0.7932692307692307 0.625 0.04326923076923077 0.038461538461538464
0 0.7800480769230769 0.6911057692307693 0.021634615384615384 0.03125
0 0.8389423076923077 0.6334134615384616 0.057692307692307696 0.040865384615384616
0 0.796875 0.6598557692307693 0.03125 0.036057692307692304
0 0.8341346153846154 0.6646634615384616 0.057692307692307696 0.040865384615384616
0 0.8305288461538461 0.6947115384615384 0.06009615384615385 0.04326923076923077
0 0.7932692307692307 0.6887019230769231 0.028846153846153848 0.036057692307692304
0 0.7992788461538461 0.7247596153846154 0.06490384615384616 0.040865384615384616