0 0.12259615384615384 0.6478365384615384 0.057692307692307696 0.04567307692307692
0 0.12860576923076922 0.6862980769230769 0.055288461538461536 0.04567307692307692
0 0.13341346153846154 0.7235576923076923 0.055288461538461536 0.04326923076923077
0 0.140625 0.7608173076923077 0.055288461538461536 0.04567307692307692
0 0.18389423076923078 0.6382211538461539 0.06971153846153846 0.04567307692307692
0 0.18990384615384615 0.6778846153846154 0.07692307692307693 0.04807692307692308
0 0.18269230769230768 0.7163461538461539 0.052884615384615384 0.04326923076923077
0 0.18990384615384615 0.7560096153846154 0.052884615384615384 0.040865384615384616
0 0.23317307692307693 0.7151442307692307 0.052884615384615384 0.040865384615384616
0 0.23918269230769232 0.7487980769230769 0.055288461538461536 0.040865384615384616
0 0.28846153846153844 0.7439903846153846 0.052884615384615384 0.040865384615384616
0 0.28125 0.7079326923076923 0.052884615384615384 0.040865384615384616
0 0.25240384615384615 0.640625 0.052884615384615384 0.04567307692307692
0 0.24519230769230768 0.6021634615384616 0.052884615384615384 0.040865384615384616
0 0.1971153846153846 0.6081730769230769 0.04807692307692308 0.038461538461538464
0 0.28125 0.5985576923076923 0.02403846153846154 0.038461538461538464
0 0.2848557692307692 0.6370192307692307 0.026442307692307692 0.04326923076923077
0 0.2536057692307692 0.6778846153846154 0.05048076923076923 0.038461538461538464
0 0.28846153846153844 0.671875 0.028846153846153848 0.036057692307692304
0 0.3088942307692308 0.5588942307692307 0.055288461538461536 0.040865384615384616
0 0.3125 0.59375 0.057692307692307696 0.04326923076923077
0 0.3173076923076923 0.6286057692307693 0.057692307692307696 0.04567307692307692
0 0.3245192307692308 0.6634615384615384 0.057692307692307696 0.04326923076923077
0 0.33052884615384615 0.703125 0.06009615384615385 0.04567307692307692
0 0.33533653846153844 0.7379807692307693 0.06009615384615385 0.04326923076923077
0 0.3557692307692308 0.5480769230769231 0.057692307692307696 0.04326923076923077
0 0.3605769230769231 0.5865384615384616 0.057692307692307696 0.04807692307692308
0 0.36658653846153844 0.6225961538461539 0.06009615384615385 0.04807692307692308
0 0.3737980769230769 0.6574519230769231 0.06009615384615385 0.040865384615384616
0 0.3786057692307692 0.6911057692307693 0.06009615384615385 0.04567307692307692
0 0.38461538461538464 0.7271634615384616 0.057692307692307696 0.04567307692307692
0 0.4026442307692308 0.5444711538461539 0.055288461538461536 0.040865384615384616
0 0.4110576923076923 0.5769230769230769 0.057692307692307696 0.04807692307692308
0 0.41586538461538464 0.6153846153846154 0.057692307692307696 0.04807692307692308
0 0.421875 0.6490384615384616 0.055288461538461536 0.038461538461538464
0 0.4266826923076923 0.6850961538461539 0.055288461538461536 0.04807692307692308
0 0.4338942307692308 0.7199519230769231 0.055288461538461536 0.04567307692307692
0 0.45072115384615385 0.5360576923076923 0.055288461538461536 0.038461538461538464
0 0.45552884615384615 0.5709134615384616 0.055288461538461536 0.04567307692307692
0 0.46033653846153844 0.609375 0.055288461538461536 0.04567307692307692
0 0.46875 0.6442307692307693 0.057692307692307696 0.04326923076923077
0 0.4735576923076923 0.6790865384615384 0.0625 0.05048076923076923
0 0.48197115384615385 0.7139423076923077 0.06009615384615385 0.04326923076923077
0 0.5048076923076923 0.5276442307692307 0.07211538461538461 0.04567307692307692
0 0.5144230769230769 0.5625 0.07692307692307693 0.04807692307692308
0 0.5180288461538461 0.6021634615384616 0.07932692307692307 0.05048076923076923
0 0.5168269230769231 0.6346153846153846 0.052884615384615384 0.038461538461538464
0 0.5216346153846154 0.671875 0.057692307692307696 0.04567307692307692
0 0.5300480769230769 0.7091346153846154 0.055288461538461536 0.04326923076923077
0 0.5733173076923077 0.5576923076923077 0.055288461538461536 0.038461538461538464
0 0.5685096153846154 0.5961538461538461 0.036057692307692304 0.04326923076923077
0 0.5673076923076923 0.6298076923076923 0.052884615384615384 0.038461538461538464
0 0.5733173076923077 0.6670673076923077 0.055288461538461536 0.04567307692307692
0 0.5805288461538461 0.703125 0.055288461538461536 0.040865384615384616
0 0.6165865384615384 0.5444711538461539 0.05048076923076923 0.03125
0 0.6153846153846154 0.5769230769230769 0.07211538461538461 0.04326923076923077
0 0.6141826923076923 0.6165865384615384 0.055288461538461536 0.04567307692307692
0 0.6213942307692307 0.6574519230769231 0.055288461538461536 0.04567307692307692
0 0.6262019230769231 0.6923076923076923 0.055288461538461536 0.04326923076923077
0 0.6742788461538461 0.5432692307692307 0.06971153846153846 0.04326923076923077
0 0.6730769230769231 0.5745192307692307 0.04807692307692308 0.03365384615384615
0 0.671875 0.6081730769230769 0.06971153846153846 0.04807692307692308
0 0.6778846153846154 0.6478365384615384 0.07211538461538461 0.04567307692307692
0 0.6838942307692307 0.6850961538461539 0.06971153846153846 0.04326923076923077
0 0.7271634615384616 0.5745192307692307 0.06490384615384616 0.04326923076923077
0 0.7331730769230769 0.6105769230769231 0.0673076923076923 0.04326923076923077
0 0.7295673076923077 0.6514423076923077 0.036057692307692304 0.04326923076923077
0 0.7596153846153846 0.6454326923076923 0.03365384615384615 0.040865384615384616
0 0.7956730769230769 0.5673076923076923 0.02403846153846154 0.038461538461538464
0 0.8040865384615384 0.6033653846153846 0.021634615384615384 0.038461538461538464
0 0.8052884615384616 0.640625 0.028846153846153848 0.040865384615384616
0 0.8004807692307693 0.5492788461538461 0.03365384615384615 0.036057692307692304
0 0.8149038461538461 0.5793269230769231 0.014423076923076924 0.028846153846153848
0 0.8173076923076923 0.5408653846153846 0.04326923076923077 0.038461538461538464
0 0.8233173076923077 0.6081730769230769 0.021634615384615384 0.028846153846153848
0 0.8629807692307693 0.5348557692307693 0.057692307692307696 0.040865384615384616
0 0.8305288461538461 0.5709134615384616 0.03125 0.036057692307692304
0 0.8677884615384616 0.5661057692307693 0.057692307692307696 0.040865384615384616
0 0.8701923076923077 0.5961538461538461 0.057692307692307696 0.04326923076923077
0 0.8341346153846154 0.6021634615384616 0.028846153846153848 0.036057692307692304
0 0.8485576923076923 0.6346153846153846 0.0625 0.038461538461538464