0 0.07091346153846154 0.8088942307692307 0.10336538461538461 0.2283653846153846
0 0.07451923076923077 0.6754807692307693 0.11538461538461539 0.052884615384615384
0 0.14302884615384615 0.6694711538461539 0.10336538461538461 0.055288461538461536
0 0.21634615384615385 0.6610576923076923 0.08653846153846154 0.052884615384615384
0 0.2860576923076923 0.6442307692307693 0.08173076923076923 0.057692307692307696
0 0.35216346153846156 0.6454326923076923 0.08413461538461539 0.05048076923076923
0 0.41586538461538464 0.6262019230769231 0.09615384615384616 0.06009615384615385
0 0.4795673076923077 0.625 0.10336538461538461 0.057692307692307696
0 0.5420673076923077 0.6189903846153846 0.10817307692307693 0.05048076923076923
0 0.5913461538461539 0.6105769230769231 0.11538461538461539 0.052884615384615384
0 0.6442307692307693 0.6021634615384616 0.1201923076923077 0.05048076923076923
0 0.6983173076923077 0.5925480769230769 0.12259615384615384 0.05048076923076923
0 0.7367788461538461 0.5889423076923077 0.0985576923076923 0.04326923076923077
0 0.11899038461538461 0.8040865384615384 0.15625 0.23317307692307693
0 0.21033653846153846 0.7884615384615384 0.13221153846153846 0.22596153846153846
0 0.30408653846153844 0.7728365384615384 0.12259615384615384 0.21875
0 0.38822115384615385 0.7608173076923077 0.13221153846153846 0.21394230769230768
0 0.4651442307692308 0.7463942307692307 0.1466346153846154 0.21394230769230768
0 0.5444711538461539 0.734375 0.16105769230769232 0.20432692307692307
0 0.6201923076923077 0.71875 0.16346153846153846 0.20192307692307693
0 0.6850961538461539 0.7067307692307693 0.16826923076923078 0.19230769230769232
0 0.5637019230769231 0.9254807692307693 0.19951923076923078 0.14903846153846154
0 0.6826923076923077 0.9014423076923077 0.24519230769230768 0.1875
0 0.12139423076923077 0.9459134615384616 0.12259615384615384 0.10817307692307693
0 0.22355769230769232 0.9375 0.1201923076923077 0.125
0 0.32211538461538464 0.9278846153846154 0.11538461538461539 0.14423076923076922
0 0.4110576923076923 0.9206730769230769 0.11538461538461539 0.15865384615384615
0 0.7427884615384616 0.6923076923076923 0.17307692307692307 0.19230769230769232
0 0.8052884615384616 0.6766826923076923 0.17307692307692307 0.18028846153846154
0 0.8605769230769231 0.6658653846153846 0.17307692307692307 0.1778846153846154
0 0.9122596153846154 0.6538461538461539 0.17548076923076922 0.16826923076923078
0 0.9326923076923077 0.6466346153846154 0.1346153846153846 0.16346153846153846
0 0.7896634615384616 0.8870192307692307 0.2860576923076923 0.19230769230769232
0 0.8641826923076923 0.8689903846153846 0.27163461538461536 0.21394230769230768
0 0.8990384615384616 0.84375 0.20192307692307693 0.23076923076923078
0 0.9350961538461539 0.7908653846153846 0.12980769230769232 0.13942307692307693
0 0.9651442307692307 0.7536057692307693 0.06971153846153846 0.08413461538461539