0 0.07692307692307693 0.8161057692307693 0.10576923076923077 0.2283653846153846
0 0.07692307692307693 0.6838942307692307 0.11538461538461539 0.055288461538461536
0 0.14543269230769232 0.6742788461538461 0.10336538461538461 0.055288461538461536
0 0.21875 0.6670673076923077 0.08653846153846154 0.055288461538461536
0 0.28846153846153844 0.6478365384615384 0.08173076923076923 0.06009615384615385
0 0.3545673076923077 0.6478365384615384 0.08413461538461539 0.05048076923076923
0 0.4170673076923077 0.6274038461538461 0.0985576923076923 0.0625
0 0.48197115384615385 0.6262019230769231 0.10336538461538461 0.06009615384615385
0 0.5432692307692307 0.6165865384615384 0.11057692307692307 0.05048076923076923
0 0.5913461538461539 0.6069711538461539 0.11538461538461539 0.055288461538461536
0 0.6442307692307693 0.6009615384615384 0.1201923076923077 0.052884615384615384
0 0.6995192307692307 0.5889423076923077 0.125 0.052884615384615384
0 0.7391826923076923 0.5841346153846154 0.0985576923076923 0.04326923076923077
0 0.125 0.8100961538461539 0.15865384615384615 0.23557692307692307
0 0.21514423076923078 0.7932692307692307 0.13701923076923078 0.22596153846153846
0 0.3088942307692308 0.7764423076923077 0.12740384615384615 0.22115384615384615
0 0.3942307692307692 0.7632211538461539 0.1346153846153846 0.21394230769230768
0 0.47115384615384615 0.7487980769230769 0.14903846153846154 0.21394230769230768
0 0.5504807692307693 0.7331730769230769 0.16346153846153846 0.20673076923076922
0 0.6225961538461539 0.7175480769230769 0.16826923076923078 0.20432692307692307
0 0.6887019230769231 0.703125 0.17067307692307693 0.19471153846153846
0 0.5697115384615384 0.9242788461538461 0.20192307692307693 0.15144230769230768
0 0.6887019230769231 0.8978365384615384 0.24759615384615385 0.18990384615384615
0 0.12980769230769232 0.9483173076923077 0.125 0.10336538461538461
0 0.23197115384615385 0.9387019230769231 0.12259615384615384 0.12259615384615384
0 0.33052884615384615 0.9290865384615384 0.11778846153846154 0.14182692307692307
0 0.41947115384615385 0.9206730769230769 0.11778846153846154 0.15865384615384615
0 0.7463942307692307 0.6862980769230769 0.17548076923076922 0.19471153846153846
0 0.8064903846153846 0.6706730769230769 0.17548076923076922 0.18269230769230768
0 0.8617788461538461 0.6598557692307693 0.17548076923076922 0.18028846153846154
0 0.9122596153846154 0.6454326923076923 0.17548076923076922 0.17067307692307693
0 0.9326923076923077 0.640625 0.1346153846153846 0.1658653846153846
0 0.7956730769230769 0.8798076923076923 0.28846153846153844 0.1971153846153846
0 0.8665865384615384 0.8617788461538461 0.2668269230769231 0.21875
0 0.9014423076923077 0.8365384615384616 0.1971153846153846 0.23557692307692307
0 0.9375 0.7824519230769231 0.125 0.14182692307692307
0 0.9675480769230769 0.7451923076923077 0.06490384615384616 0.08653846153846154