0 0.038461538461538464 0.7439903846153846 0.07692307692307693 0.22355769230769232
0 0.054086538461538464 0.6141826923076923 0.10817307692307693 0.04567307692307692
0 0.12259615384615384 0.6177884615384616 0.10096153846153846 0.04807692307692308
0 0.19591346153846154 0.6201923076923077 0.08413461538461539 0.04807692307692308
0 0.2692307692307692 0.6129807692307693 0.07692307692307693 0.052884615384615384
0 0.3317307692307692 0.6237980769230769 0.08173076923076923 0.04567307692307692
0 0.40024038461538464 0.6129807692307693 0.09375 0.052884615384615384
0 0.46153846153846156 0.6213942307692307 0.10096153846153846 0.05048076923076923
0 0.5252403846153846 0.6225961538461539 0.10817307692307693 0.04326923076923077
0 0.5757211538461539 0.6213942307692307 0.11298076923076923 0.04567307692307692
0 0.6286057692307693 0.6225961538461539 0.11778846153846154 0.04326923076923077
0 0.6838942307692307 0.6177884615384616 0.12259615384615384 0.04326923076923077
0 0.7235576923076923 0.6213942307692307 0.09615384615384616 0.036057692307692304
0 0.08052884615384616 0.7475961538461539 0.14182692307692307 0.22596153846153846
0 0.171875 0.7463942307692307 0.11778846153846154 0.21875
0 0.2692307692307692 0.7427884615384616 0.11057692307692307 0.21153846153846154
0 0.3545673076923077 0.7427884615384616 0.11778846153846154 0.20673076923076922
0 0.43149038461538464 0.7391826923076923 0.13221153846153846 0.20432692307692307
0 0.5120192307692307 0.7379807692307693 0.14903846153846154 0.1971153846153846
0 0.5877403846153846 0.734375 0.15144230769230768 0.19471153846153846
0 0.6550480769230769 0.7307692307692307 0.15625 0.18269230769230768
0 0.5012019230769231 0.9302884615384616 0.18990384615384615 0.13942307692307693
0 0.6237980769230769 0.9182692307692307 0.23317307692307693 0.16346153846153846
0 0.06129807692307692 0.9134615384615384 0.11298076923076923 0.14903846153846154
0 0.16346153846153846 0.9134615384615384 0.11057692307692307 0.15384615384615385
0 0.2644230769230769 0.9110576923076923 0.10576923076923077 0.15865384615384615
0 0.3557692307692308 0.9086538461538461 0.10576923076923077 0.15865384615384615
0 0.7139423076923077 0.7235576923076923 0.16346153846153846 0.18269230769230768
0 0.7776442307692307 0.7175480769230769 0.16105769230769232 0.17067307692307693
0 0.8341346153846154 0.7139423076923077 0.16346153846153846 0.16826923076923078
0 0.8858173076923077 0.7091346153846154 0.1658653846153846 0.15865384615384615
0 0.9206730769230769 0.7079326923076923 0.14903846153846154 0.15625
0 0.7319711538461539 0.9170673076923077 0.2764423076923077 0.1658653846153846
0 0.8341346153846154 0.9110576923076923 0.3076923076923077 0.1778846153846154
0 0.8701923076923077 0.8954326923076923 0.23557692307692307 0.2091346153846154
0 0.9098557692307693 0.8521634615384616 0.16105769230769232 0.12740384615384615
0 0.9423076923076923 0.8197115384615384 0.09615384615384616 0.07692307692307693