0 0.2283653846153846 0.27524038461538464 0.4567307692307692 0.49278846153846156
0 0.24158653846153846 0.5432692307692307 0.47836538461538464 0.4230769230769231
0 0.28725961538461536 0.8197115384615384 0.5072115384615384 0.3605769230769231
0 0.7163461538461539 0.7884615384615384 0.40865384615384615 0.3557692307692308
0 0.5901442307692307 0.5600961538461539 0.2956730769230769 0.2932692307692308
0 0.5612980769230769 0.3641826923076923 0.2956730769230769 0.3485576923076923
0 0.7992788461538461 0.4831730769230769 0.22355769230769232 0.21153846153846154
0 0.7992788461538461 0.5829326923076923 0.21394230769230768 0.24759615384615385
0 0.9483173076923077 0.7463942307692307 0.10336538461538461 0.19471153846153846
0 0.9627403846153846 0.6117788461538461 0.07451923076923077 0.15144230769230768
0 0.9483173076923077 0.47596153846153844 0.10336538461538461 0.16826923076923078