0 0.22956730769230768 0.265625 0.45913461538461536 0.47836538461538464
0 0.24158653846153846 0.5348557692307693 0.46875 0.4110576923076923
0 0.27524038461538464 0.8197115384615384 0.49759615384615385 0.3605769230769231
0 0.7055288461538461 0.7956730769230769 0.4014423076923077 0.34615384615384615
0 0.5889423076923077 0.5625 0.28846153846153844 0.28365384615384615
0 0.5661057692307693 0.36538461538461536 0.2860576923076923 0.34134615384615385
0 0.7992788461538461 0.49399038461538464 0.21875 0.20432692307692307
0 0.7956730769230769 0.5925480769230769 0.20673076923076922 0.24278846153846154
0 0.9447115384615384 0.7620192307692307 0.11057692307692307 0.19230769230769232
0 0.9615384615384616 0.6274038461538461 0.07692307692307693 0.14903846153846154
0 0.9507211538461539 0.49158653846153844 0.0985576923076923 0.1658653846153846