0 0.14302884615384615 0.3786057692307692 0.03125 0.021634615384615384
0 0.13942307692307693 0.3918269230769231 0.028846153846153848 0.019230769230769232
0 0.13701923076923078 0.40625 0.028846153846153848 0.019230769230769232
0 0.171875 0.38100961538461536 0.03125 0.021634615384615384
0 0.16826923076923078 0.39663461538461536 0.03365384615384615 0.02403846153846154
0 0.1658653846153846 0.40865384615384615 0.03365384615384615 0.02403846153846154
0 0.1971153846153846 0.38100961538461536 0.028846153846153848 0.026442307692307692
0 0.19471153846153846 0.40024038461538464 0.028846153846153848 0.021634615384615384
0 0.19230769230769232 0.41346153846153844 0.028846153846153848 0.019230769230769232
0 0.23918269230769232 0.38100961538461536 0.05048076923076923 0.026442307692307692
0 0.23557692307692307 0.39302884615384615 0.052884615384615384 0.026442307692307692
0 0.23317307692307693 0.4074519230769231 0.052884615384615384 0.026442307692307692
0 0.2283653846153846 0.42427884615384615 0.052884615384615384 0.026442307692307692
0 0.28846153846153844 0.3894230769230769 0.052884615384615384 0.02403846153846154
0 0.2860576923076923 0.4026442307692308 0.052884615384615384 0.026442307692307692
0 0.28365384615384615 0.4182692307692308 0.052884615384615384 0.02403846153846154
0 0.2800480769230769 0.43149038461538464 0.055288461538461536 0.03125
0 0.3389423076923077 0.3786057692307692 0.052884615384615384 0.026442307692307692
0 0.33653846153846156 0.39302884615384615 0.052884615384615384 0.026442307692307692
0 0.33533653846153844 0.4074519230769231 0.05048076923076923 0.026442307692307692
0 0.33533653846153844 0.4254807692307692 0.05048076923076923 0.028846153846153848
0 0.3317307692307692 0.4411057692307692 0.052884615384615384 0.026442307692307692
0 0.38221153846153844 0.3858173076923077 0.038461538461538464 0.026442307692307692
0 0.37740384615384615 0.4050480769230769 0.038461538461538464 0.026442307692307692
0 0.3762019230769231 0.4206730769230769 0.036057692307692304 0.02403846153846154
0 0.3737980769230769 0.4338942307692308 0.036057692307692304 0.021634615384615384
0 0.38341346153846156 0.4495192307692308 0.036057692307692304 0.02403846153846154
0 0.4387019230769231 0.3942307692307692 0.055288461538461536 0.03365384615384615
0 0.43509615384615385 0.4098557692307692 0.052884615384615384 0.026442307692307692
0 0.4338942307692308 0.4266826923076923 0.055288461538461536 0.03125
0 0.43028846153846156 0.4411057692307692 0.052884615384615384 0.026442307692307692
0 0.42908653846153844 0.4579326923076923 0.055288461538461536 0.03125
0 0.4795673076923077 0.40384615384615385 0.036057692307692304 0.02403846153846154
0 0.47716346153846156 0.4182692307692308 0.036057692307692304 0.02403846153846154
0 0.4723557692307692 0.43509615384615385 0.036057692307692304 0.02403846153846154
0 0.47115384615384615 0.45072115384615385 0.03365384615384615 0.021634615384615384
0 0.4699519230769231 0.46634615384615385 0.036057692307692304 0.02403846153846154
0 0.5336538461538461 0.42788461538461536 0.052884615384615384 0.02403846153846154
0 0.53125 0.44350961538461536 0.052884615384615384 0.026442307692307692
0 0.5288461538461539 0.46033653846153844 0.052884615384615384 0.021634615384615384
0 0.5252403846153846 0.47596153846153844 0.05048076923076923 0.02403846153846154
0 0.5853365384615384 0.41947115384615385 0.05048076923076923 0.026442307692307692
0 0.5829326923076923 0.4362980769230769 0.05048076923076923 0.026442307692307692
0 0.5793269230769231 0.4519230769230769 0.052884615384615384 0.02403846153846154
0 0.578125 0.4675480769230769 0.05048076923076923 0.026442307692307692
0 0.5745192307692307 0.484375 0.04807692307692308 0.026442307692307692
0 0.6298076923076923 0.44350961538461536 0.04807692307692308 0.026442307692307692
0 0.625 0.46033653846153844 0.04807692307692308 0.026442307692307692
0 0.6225961538461539 0.47716346153846156 0.04807692307692308 0.026442307692307692
0 0.6225961538461539 0.4951923076923077 0.04807692307692308 0.02403846153846154
0 0.6802884615384616 0.4387019230769231 0.04807692307692308 0.026442307692307692
0 0.6778846153846154 0.4543269230769231 0.04807692307692308 0.02403846153846154
0 0.6754807692307693 0.4699519230769231 0.04807692307692308 0.026442307692307692
0 0.6730769230769231 0.4855769230769231 0.04807692307692308 0.02403846153846154
0 0.6682692307692307 0.5012019230769231 0.04807692307692308 0.026442307692307692
0 0.7163461538461539 0.49399038461538464 0.04807692307692308 0.026442307692307692
0 0.7127403846153846 0.47716346153846156 0.03125 0.016826923076923076
0 0.7139423076923077 0.5096153846153846 0.04807692307692308 0.02403846153846154
0 0.8365384615384616 0.46875 0.04807692307692308 0.02403846153846154
0 0.8341346153846154 0.48197115384615385 0.04807692307692308 0.026442307692307692
0 0.8317307692307693 0.49759615384615385 0.04807692307692308 0.02403846153846154
0 0.828125 0.5120192307692307 0.05048076923076923 0.028846153846153848
0 0.8245192307692307 0.5288461538461539 0.04807692307692308 0.028846153846153848
0 0.8822115384615384 0.47716346153846156 0.04807692307692308 0.026442307692307692
0 0.8798076923076923 0.49158653846153844 0.04807692307692308 0.026442307692307692
0 0.8774038461538461 0.5084134615384616 0.04807692307692308 0.026442307692307692
0 0.875 0.5252403846153846 0.04807692307692308 0.026442307692307692
0 0.8725961538461539 0.5396634615384616 0.04326923076923077 0.021634615384615384
0 0.9302884615384616 0.48677884615384615 0.04326923076923077 0.021634615384615384
0 0.9242788461538461 0.5 0.04567307692307692 0.02403846153846154
0 0.9230769230769231 0.515625 0.04326923076923077 0.021634615384615384
0 0.921875 0.53125 0.04567307692307692 0.02403846153846154
0 0.9182692307692307 0.5456730769230769 0.04807692307692308 0.028846153846153848
0 0.9675480769230769 0.4963942307692308 0.040865384615384616 0.021634615384615384
0 0.9651442307692307 0.5084134615384616 0.040865384615384616 0.021634615384615384
0 0.9627403846153846 0.5252403846153846 0.040865384615384616 0.021634615384615384
0 0.9603365384615384 0.5396634615384616 0.040865384615384616 0.021634615384615384
0 0.9591346153846154 0.5552884615384616 0.04326923076923077 0.02403846153846154