0 0.12980769230769232 0.4375 0.028846153846153848 0.019230769230769232
0 0.12740384615384615 0.45072115384615385 0.028846153846153848 0.016826923076923076
0 0.12620192307692307 0.4651442307692308 0.026442307692307692 0.016826923076923076
0 0.15625 0.4326923076923077 0.028846153846153848 0.019230769230769232
0 0.15745192307692307 0.4495192307692308 0.03125 0.019230769230769232
0 0.15504807692307693 0.4639423076923077 0.03125 0.019230769230769232
0 0.18389423076923078 0.42908653846153844 0.026442307692307692 0.021634615384615384
0 0.18389423076923078 0.4495192307692308 0.026442307692307692 0.019230769230769232
0 0.1814903846153846 0.46274038461538464 0.026442307692307692 0.016826923076923076
0 0.22355769230769232 0.4230769230769231 0.04807692307692308 0.019230769230769232
0 0.22235576923076922 0.43509615384615385 0.05048076923076923 0.019230769230769232
0 0.22115384615384615 0.4519230769230769 0.052884615384615384 0.019230769230769232
0 0.21875 0.46634615384615385 0.052884615384615384 0.019230769230769232
0 0.27283653846153844 0.42427884615384615 0.05048076923076923 0.016826923076923076
0 0.27283653846153844 0.4375 0.05048076923076923 0.019230769230769232
0 0.27403846153846156 0.453125 0.052884615384615384 0.016826923076923076
0 0.27163461538461536 0.4675480769230769 0.052884615384615384 0.021634615384615384
0 0.32211538461538464 0.40384615384615385 0.052884615384615384 0.019230769230769232
0 0.32211538461538464 0.4206730769230769 0.052884615384615384 0.019230769230769232
0 0.3245192307692308 0.43509615384615385 0.04807692307692308 0.019230769230769232
0 0.3245192307692308 0.45072115384615385 0.04807692307692308 0.021634615384615384
0 0.3233173076923077 0.46875 0.05048076923076923 0.019230769230769232
0 0.3641826923076923 0.4050480769230769 0.036057692307692304 0.021634615384615384
0 0.3641826923076923 0.42427884615384615 0.036057692307692304 0.021634615384615384
0 0.36538461538461536 0.43990384615384615 0.03365384615384615 0.019230769230769232
0 0.36538461538461536 0.453125 0.03365384615384615 0.016826923076923076
0 0.37740384615384615 0.46634615384615385 0.03365384615384615 0.019230769230769232
0 0.4230769230769231 0.40625 0.052884615384615384 0.02403846153846154
0 0.4230769230769231 0.4206730769230769 0.052884615384615384 0.019230769230769232
0 0.4230769230769231 0.4387019230769231 0.052884615384615384 0.021634615384615384
0 0.4230769230769231 0.4543269230769231 0.052884615384615384 0.019230769230769232
0 0.4230769230769231 0.4699519230769231 0.052884615384615384 0.021634615384615384
0 0.4639423076923077 0.40625 0.03365384615384615 0.019230769230769232
0 0.4639423076923077 0.4230769230769231 0.03365384615384615 0.019230769230769232
0 0.4639423076923077 0.43990384615384615 0.03365384615384615 0.019230769230769232
0 0.4639423076923077 0.45552884615384615 0.03365384615384615 0.016826923076923076
0 0.4639423076923077 0.47115384615384615 0.03365384615384615 0.019230769230769232
0 0.5216346153846154 0.421875 0.052884615384615384 0.016826923076923076
0 0.5216346153846154 0.43990384615384615 0.052884615384615384 0.019230769230769232
0 0.5228365384615384 0.45552884615384615 0.05048076923076923 0.01201923076923077
0 0.5216346153846154 0.4723557692307692 0.04807692307692308 0.016826923076923076
0 0.5721153846153846 0.40865384615384615 0.04807692307692308 0.019230769230769232
0 0.5721153846153846 0.4254807692307692 0.04807692307692308 0.019230769230769232
0 0.5709134615384616 0.4411057692307692 0.05048076923076923 0.016826923076923076
0 0.5721153846153846 0.4567307692307692 0.04807692307692308 0.019230769230769232
0 0.5709134615384616 0.4735576923076923 0.04567307692307692 0.019230769230769232
0 0.6189903846153846 0.4254807692307692 0.04567307692307692 0.019230769230769232
0 0.6189903846153846 0.4423076923076923 0.04567307692307692 0.019230769230769232
0 0.6189903846153846 0.45913461538461536 0.04567307692307692 0.019230769230769232
0 0.6189903846153846 0.47475961538461536 0.04567307692307692 0.016826923076923076
0 0.6694711538461539 0.4110576923076923 0.04567307692307692 0.019230769230769232
0 0.6694711538461539 0.4266826923076923 0.04567307692307692 0.016826923076923076
0 0.6694711538461539 0.4423076923076923 0.04567307692307692 0.019230769230769232
0 0.6694711538461539 0.4579326923076923 0.04567307692307692 0.016826923076923076
0 0.6670673076923077 0.4735576923076923 0.04567307692307692 0.019230769230769232
0 0.7127403846153846 0.45913461538461536 0.04567307692307692 0.019230769230769232
0 0.7055288461538461 0.44350961538461536 0.03125 0.01201923076923077
0 0.7127403846153846 0.47475961538461536 0.04567307692307692 0.016826923076923076
0 0.828125 0.4170673076923077 0.04567307692307692 0.016826923076923076
0 0.828125 0.43028846153846156 0.04567307692307692 0.019230769230769232
0 0.828125 0.44591346153846156 0.04567307692307692 0.016826923076923076
0 0.8269230769230769 0.46274038461538464 0.04807692307692308 0.021634615384615384
0 0.8257211538461539 0.47716346153846156 0.04567307692307692 0.021634615384615384
0 0.8737980769230769 0.41586538461538464 0.04567307692307692 0.019230769230769232
0 0.8737980769230769 0.43028846153846156 0.04567307692307692 0.019230769230769232
0 0.8737980769230769 0.4495192307692308 0.04567307692307692 0.019230769230769232
0 0.8737980769230769 0.46634615384615385 0.04567307692307692 0.019230769230769232
0 0.875 0.4795673076923077 0.04326923076923077 0.016826923076923076
0 0.9206730769230769 0.41947115384615385 0.04326923076923077 0.016826923076923076
0 0.9206730769230769 0.43509615384615385 0.04326923076923077 0.019230769230769232
0 0.9206730769230769 0.45072115384615385 0.04326923076923077 0.016826923076923076
0 0.9206730769230769 0.4639423076923077 0.04326923076923077 0.019230769230769232
0 0.9194711538461539 0.4795673076923077 0.04567307692307692 0.021634615384615384
0 0.9603365384615384 0.42427884615384615 0.040865384615384616 0.016826923076923076
0 0.9615384615384616 0.4362980769230769 0.038461538461538464 0.016826923076923076
0 0.9603365384615384 0.453125 0.040865384615384616 0.016826923076923076
0 0.9603365384615384 0.4675480769230769 0.040865384615384616 0.016826923076923076
0 0.9603365384615384 0.4831730769230769 0.040865384615384616 0.019230769230769232