0 0.8088942307692307 0.7247596153846154 0.31490384615384615 0.15625
0 0.8076923076923077 0.6045673076923077 0.3125 0.19471153846153846
0 0.8125 0.47596153846153844 0.3269230769230769 0.23076923076923078
0 0.8137019230769231 0.3173076923076923 0.04567307692307692 0.10096153846153846
0 0.7704326923076923 0.3016826923076923 0.04567307692307692 0.10817307692307693
0 0.6430288461538461 0.3112980769230769 0.2091346153846154 0.15144230769230768
0 0.8137019230769231 0.38461538461538464 0.04567307692307692 0.0625
0 0.7704326923076923 0.38461538461538464 0.04567307692307692 0.09615384615384616
0 0.7259615384615384 0.3798076923076923 0.04326923076923077 0.11057692307692307
0 0.5997596153846154 0.3858173076923077 0.2091346153846154 0.15144230769230768
0 0.5516826923076923 0.4735576923076923 0.2091346153846154 0.13942307692307693
0 0.6358173076923077 0.7572115384615384 0.040865384615384616 0.09134615384615384
0 0.6322115384615384 0.6598557692307693 0.04326923076923077 0.10817307692307693
0 0.6310096153846154 0.5540865384615384 0.040865384615384616 0.10817307692307693
0 0.5084134615384616 0.5709134615384616 0.21394230769230768 0.16105769230769232
0 0.5096153846153846 0.6742788461538461 0.21634615384615385 0.1466346153846154
0 0.5084134615384616 0.7596153846153846 0.21875 0.10576923076923077
0 0.3737980769230769 0.43149038461538464 0.11778846153846154 0.08413461538461539
0 0.40865384615384615 0.49399038461538464 0.04807692307692308 0.08413461538461539
0 0.4074519230769231 0.5661057692307693 0.04567307692307692 0.07932692307692307
0 0.3317307692307692 0.49278846153846156 0.10576923076923077 0.08653846153846154
0 0.3641826923076923 0.5625 0.04567307692307692 0.08653846153846154
0 0.36778846153846156 0.640625 0.04326923076923077 0.08413461538461539
0 0.36778846153846156 0.7199519230769231 0.04326923076923077 0.08413461538461539
0 0.2932692307692308 0.5625 0.10576923076923077 0.09134615384615384
0 0.32572115384615385 0.6382211538461539 0.04567307692307692 0.08413461538461539
0 0.3245192307692308 0.7163461538461539 0.04326923076923077 0.08653846153846154
0 0.25 0.6454326923076923 0.10576923076923077 0.10817307692307693
0 0.24879807692307693 0.7067307692307693 0.10336538461538461 0.0625
0 0.23677884615384615 0.7572115384615384 0.12740384615384615 0.07692307692307693
0 0.2548076923076923 0.47475961538461536 0.08653846153846154 0.06971153846153846
0 0.21634615384615385 0.53125 0.08653846153846154 0.07211538461538461
0 0.17908653846153846 0.5961538461538461 0.08413461538461539 0.07211538461538461
0 0.14543269230769232 0.5769230769230769 0.05048076923076923 0.04326923076923077
0 0.13942307692307693 0.6670673076923077 0.07692307692307693 0.08413461538461539
0 0.13942307692307693 0.7307692307692307 0.08173076923076923 0.07211538461538461
0 0.11057692307692307 0.6225961538461539 0.057692307692307696 0.0625
0 0.07211538461538461 0.6814903846153846 0.057692307692307696 0.07451923076923077
0 0.07091346153846154 0.7403846153846154 0.06009615384615385 0.07211538461538461