0 0.23557692307692307 0.43149038461538464 0.04326923076923077 0.026442307692307692
0 0.23798076923076922 0.453125 0.04326923076923077 0.026442307692307692
0 0.23076923076923078 0.4723557692307692 0.028846153846153848 0.026442307692307692
0 0.23317307692307693 0.49278846153846156 0.028846153846153848 0.02403846153846154
0 0.2608173076923077 0.42788461538461536 0.016826923076923076 0.019230769230769232
0 0.25961538461538464 0.4723557692307692 0.028846153846153848 0.026442307692307692
0 0.32091346153846156 0.4423076923076923 0.036057692307692304 0.02403846153846154
0 0.32211538461538464 0.4639423076923077 0.028846153846153848 0.028846153846153848
0 0.3233173076923077 0.4855769230769231 0.03125 0.028846153846153848
0 0.3016826923076923 0.421875 0.040865384615384616 0.026442307692307692
0 0.3641826923076923 0.4170673076923077 0.04567307692307692 0.026442307692307692
0 0.39302884615384615 0.41346153846153844 0.016826923076923076 0.02403846153846154
0 0.4050480769230769 0.41225961538461536 0.016826923076923076 0.021634615384615384
0 0.4206730769230769 0.40865384615384615 0.019230769230769232 0.02403846153846154
0 0.359375 0.43990384615384615 0.040865384615384616 0.02403846153846154
0 0.35697115384615385 0.46153846153846156 0.03125 0.02403846153846154
0 0.35697115384615385 0.484375 0.03125 0.026442307692307692
0 0.41947115384615385 0.43509615384615385 0.040865384615384616 0.02403846153846154
0 0.39903846153846156 0.46033653846153844 0.028846153846153848 0.021634615384615384
0 0.4026442307692308 0.48197115384615385 0.03125 0.026442307692307692
0 0.46033653846153844 0.41225961538461536 0.04567307692307692 0.026442307692307692
0 0.4567307692307692 0.4338942307692308 0.038461538461538464 0.026442307692307692
0 0.4567307692307692 0.4567307692307692 0.03365384615384615 0.02403846153846154
0 0.4579326923076923 0.47836538461538464 0.03125 0.02403846153846154
0 0.49759615384615385 0.43028846153846156 0.04807692307692308 0.028846153846153848
0 0.49278846153846156 0.45072115384615385 0.03365384615384615 0.026442307692307692
0 0.49399038461538464 0.47475961538461536 0.036057692307692304 0.026442307692307692
0 0.5300480769230769 0.40625 0.036057692307692304 0.02403846153846154
0 0.5697115384615384 0.4014423076923077 0.04807692307692308 0.028846153846153848
0 0.5396634615384616 0.4326923076923077 0.03125 0.02403846153846154
0 0.5372596153846154 0.453125 0.016826923076923076 0.021634615384615384
0 0.6021634615384616 0.39783653846153844 0.016826923076923076 0.026442307692307692
0 0.6165865384615384 0.3954326923076923 0.016826923076923076 0.026442307692307692
0 0.6334134615384616 0.39302884615384615 0.016826923076923076 0.026442307692307692
0 0.6478365384615384 0.39302884615384615 0.016826923076923076 0.026442307692307692
0 0.6033653846153846 0.421875 0.04807692307692308 0.03125
0 0.5973557692307693 0.44591346153846156 0.036057692307692304 0.026442307692307692
0 0.5985576923076923 0.4675480769230769 0.03365384615384615 0.026442307692307692
0 0.6009615384615384 0.4879807692307692 0.03365384615384615 0.028846153846153848
0 0.6382211538461539 0.4879807692307692 0.036057692307692304 0.028846153846153848
0 0.6370192307692307 0.4651442307692308 0.03365384615384615 0.021634615384615384
0 0.6346153846153846 0.4423076923076923 0.03365384615384615 0.02403846153846154
0 0.6346153846153846 0.421875 0.038461538461538464 0.021634615384615384