0 0.23798076923076922 0.4170673076923077 0.04326923076923077 0.026442307692307692
0 0.2403846153846154 0.4387019230769231 0.04326923076923077 0.026442307692307692
0 0.23317307692307693 0.45913461538461536 0.028846153846153848 0.02403846153846154
0 0.234375 0.4795673076923077 0.026442307692307692 0.021634615384615384
0 0.2644230769230769 0.41586538461538464 0.014423076923076924 0.019230769230769232
0 0.2620192307692308 0.45913461538461536 0.028846153846153848 0.02403846153846154
0 0.3245192307692308 0.4338942307692308 0.03365384615384615 0.021634615384615384
0 0.3245192307692308 0.453125 0.028846153846153848 0.026442307692307692
0 0.3233173076923077 0.47475961538461536 0.03125 0.026442307692307692
0 0.30408653846153844 0.41225961538461536 0.040865384615384616 0.026442307692307692
0 0.36899038461538464 0.40865384615384615 0.04567307692307692 0.02403846153846154
0 0.39783653846153844 0.4074519230769231 0.016826923076923076 0.021634615384615384
0 0.4110576923076923 0.4074519230769231 0.014423076923076924 0.021634615384615384
0 0.4254807692307692 0.4050480769230769 0.019230769230769232 0.021634615384615384
0 0.36177884615384615 0.4326923076923077 0.040865384615384616 0.02403846153846154
0 0.359375 0.45552884615384615 0.03125 0.021634615384615384
0 0.35697115384615385 0.47596153846153844 0.03125 0.02403846153846154
0 0.4230769230769231 0.43028846153846156 0.038461538461538464 0.02403846153846154
0 0.4026442307692308 0.4543269230769231 0.026442307692307692 0.019230769230769232
0 0.4026442307692308 0.47596153846153844 0.03125 0.02403846153846154
0 0.4651442307692308 0.40865384615384615 0.04567307692307692 0.02403846153846154
0 0.46033653846153844 0.43149038461538464 0.036057692307692304 0.026442307692307692
0 0.45913461538461536 0.453125 0.03365384615384615 0.021634615384615384
0 0.4579326923076923 0.47475961538461536 0.03125 0.021634615384615384
0 0.5012019230769231 0.42908653846153844 0.04567307692307692 0.026442307692307692
0 0.4951923076923077 0.4519230769230769 0.03365384615384615 0.02403846153846154
0 0.4951923076923077 0.47596153846153844 0.03365384615384615 0.02403846153846154
0 0.5360576923076923 0.4074519230769231 0.03365384615384615 0.021634615384615384
0 0.5757211538461539 0.4050480769230769 0.04567307692307692 0.026442307692307692
0 0.5444711538461539 0.4338942307692308 0.03125 0.021634615384615384
0 0.5396634615384616 0.4543269230769231 0.016826923076923076 0.019230769230769232
0 0.6069711538461539 0.40384615384615385 0.016826923076923076 0.02403846153846154
0 0.6213942307692307 0.4014423076923077 0.016826923076923076 0.02403846153846154
0 0.6382211538461539 0.4014423076923077 0.016826923076923076 0.02403846153846154
0 0.6526442307692307 0.4014423076923077 0.016826923076923076 0.02403846153846154
0 0.6069711538461539 0.42788461538461536 0.04567307692307692 0.028846153846153848
0 0.6009615384615384 0.4495192307692308 0.03365384615384615 0.02403846153846154
0 0.6009615384615384 0.47115384615384615 0.03365384615384615 0.02403846153846154
0 0.6009615384615384 0.49399038461538464 0.03365384615384615 0.026442307692307692
0 0.6394230769230769 0.4963942307692308 0.03365384615384615 0.026442307692307692
0 0.6370192307692307 0.4735576923076923 0.03365384615384615 0.019230769230769232
0 0.6370192307692307 0.45072115384615385 0.03365384615384615 0.021634615384615384
0 0.6382211538461539 0.42908653846153844 0.036057692307692304 0.021634615384615384