0 0.24759615384615385 0.12139423076923077 0.038461538461538464 0.08413461538461539
0 0.25240384615384615 0.18389423076923078 0.03365384615384615 0.04567307692307692
0 0.2860576923076923 0.1658653846153846 0.04326923076923077 0.09615384615384616
0 0.28966346153846156 0.23076923076923078 0.036057692307692304 0.052884615384615384
0 0.3269230769230769 0.21875 0.04326923076923077 0.09615384615384616
0 0.3701923076923077 0.24519230769230768 0.04326923076923077 0.052884615384615384
0 0.4014423076923077 0.21995192307692307 0.04326923076923077 0.0985576923076923
0 0.35697115384615385 0.17067307692307693 0.040865384615384616 0.09615384615384616
0 0.38822115384615385 0.1466346153846154 0.04567307692307692 0.052884615384615384
0 0.41947115384615385 0.14423076923076922 0.04567307692307692 0.057692307692307696
0 0.4338942307692308 0.21754807692307693 0.04567307692307692 0.0985576923076923
0 0.4579326923076923 0.21514423076923078 0.03125 0.0985576923076923
0 0.4495192307692308 0.140625 0.04326923076923077 0.055288461538461536
0 0.5036057692307693 0.2091346153846154 0.036057692307692304 0.09615384615384616
0 0.5300480769230769 0.20552884615384615 0.05048076923076923 0.10336538461538461
0 0.5649038461538461 0.2247596153846154 0.03365384615384615 0.055288461538461536
0 0.5408653846153846 0.15144230769230768 0.04807692307692308 0.09615384615384616
0 0.5096153846153846 0.13581730769230768 0.04326923076923077 0.05048076923076923
0 0.3112980769230769 0.09975961538461539 0.05048076923076923 0.11778846153846154
0 0.3088942307692308 0.05889423076923077 0.055288461538461536 0.11298076923076923
0 0.3425480769230769 0.057692307692307696 0.04567307692307692 0.11057692307692307
0 0.3713942307692308 0.056490384615384616 0.05048076923076923 0.10817307692307693
0 0.4026442307692308 0.054086538461538464 0.05048076923076923 0.10336538461538461
0 0.43149038461538464 0.052884615384615384 0.05048076923076923 0.10096153846153846
0 0.45913461538461536 0.051682692307692304 0.04807692307692308 0.0985576923076923
0 0.49038461538461536 0.05048076923076923 0.04807692307692308 0.09615384615384616
0 0.5192307692307693 0.046875 0.04807692307692308 0.0889423076923077
0 0.5480769230769231 0.046875 0.04807692307692308 0.0889423076923077
0 0.24158653846153846 0.056490384615384616 0.036057692307692304 0.05048076923076923
0 0.2692307692307692 0.054086538461538464 0.03365384615384615 0.05048076923076923