0 0.8197115384615384 0.33413461538461536 0.3173076923076923 0.2692307692307692
0 0.43509615384615385 0.4026442307692308 0.2548076923076923 0.21875
0 0.4735576923076923 0.5949519230769231 0.1778846153846154 0.15144230769230768
0 0.35697115384615385 0.5793269230769231 0.09375 0.1346153846153846
0 0.4543269230769231 0.7079326923076923 0.1778846153846154 0.1466346153846154
0 0.5829326923076923 0.6177884615384616 0.0985576923076923 0.12980769230769232
0 0.5685096153846154 0.7223557692307693 0.0889423076923077 0.12259615384615384
0 0.6370192307692307 0.5480769230769231 0.1346153846153846 0.12980769230769232
0 0.6490384615384616 0.6418269230769231 0.07692307692307693 0.10096153846153846
0 0.6382211538461539 0.734375 0.07932692307692307 0.10817307692307693
0 0.7043269230769231 0.6586538461538461 0.07692307692307693 0.09615384615384616