0 0.027644230769230768 0.5697115384615384 0.026442307692307692 0.03365384615384615
0 0.04927884615384615 0.5685096153846154 0.026442307692307692 0.036057692307692304
0 0.07091346153846154 0.5649038461538461 0.026442307692307692 0.03365384615384615
0 0.09495192307692307 0.5637019230769231 0.026442307692307692 0.036057692307692304
0 0.11538461538461539 0.5600961538461539 0.02403846153846154 0.03365384615384615
0 0.13701923076923078 0.5576923076923077 0.02403846153846154 0.03365384615384615
0 0.15985576923076922 0.5552884615384616 0.026442307692307692 0.03365384615384615
0 0.18269230769230768 0.5540865384615384 0.02403846153846154 0.03125
0 0.203125 0.5516826923076923 0.026442307692307692 0.03125
0 0.22716346153846154 0.5480769230769231 0.026442307692307692 0.03365384615384615
0 0.25 0.5456730769230769 0.02403846153846154 0.03365384615384615
0 0.2776442307692308 0.5444711538461539 0.040865384615384616 0.036057692307692304
0 0.019230769230769232 0.6009615384615384 0.02403846153846154 0.03365384615384615
0 0.021634615384615384 0.6346153846153846 0.02403846153846154 0.03365384615384615
0 0.025240384615384616 0.6622596153846154 0.021634615384615384 0.026442307692307692
0 0.037259615384615384 0.6009615384615384 0.01201923076923077 0.028846153846153848
0 0.039663461538461536 0.6322115384615384 0.01201923076923077 0.03365384615384615
0 0.042067307692307696 0.6610576923076923 0.016826923076923076 0.028846153846153848
0 0.052884615384615384 0.5985576923076923 0.02403846153846154 0.03365384615384615
0 0.055288461538461536 0.6298076923076923 0.02403846153846154 0.03365384615384615
0 0.06009615384615385 0.6598557692307693 0.02403846153846154 0.03125
0 0.0733173076923077 0.5961538461538461 0.026442307692307692 0.03365384615384615
0 0.078125 0.6262019230769231 0.026442307692307692 0.036057692307692304
0 0.08173076923076923 0.6550480769230769 0.028846153846153848 0.03125
0 0.09735576923076923 0.59375 0.026442307692307692 0.03365384615384615
0 0.0985576923076923 0.625 0.02403846153846154 0.03365384615384615
0 0.10096153846153846 0.6526442307692307 0.02403846153846154 0.03125
0 0.11899038461538461 0.5913461538461539 0.026442307692307692 0.03365384615384615
0 0.12259615384615384 0.6225961538461539 0.028846153846153848 0.038461538461538464
0 0.125 0.6502403846153846 0.028846153846153848 0.03125
0 0.140625 0.5901442307692307 0.026442307692307692 0.036057692307692304
0 0.14302884615384615 0.6213942307692307 0.026442307692307692 0.036057692307692304
0 0.14783653846153846 0.6502403846153846 0.026442307692307692 0.03125
0 0.16346153846153846 0.5865384615384616 0.028846153846153848 0.038461538461538464
0 0.16706730769230768 0.6189903846153846 0.026442307692307692 0.036057692307692304
0 0.16947115384615385 0.6466346153846154 0.026442307692307692 0.028846153846153848
0 0.18509615384615385 0.5841346153846154 0.028846153846153848 0.038461538461538464
0 0.18990384615384615 0.6165865384615384 0.02403846153846154 0.036057692307692304
0 0.19110576923076922 0.6454326923076923 0.026442307692307692 0.03125
0 0.20793269230769232 0.5829326923076923 0.026442307692307692 0.036057692307692304
0 0.21033653846153846 0.6141826923076923 0.026442307692307692 0.036057692307692304
0 0.2127403846153846 0.6430288461538461 0.026442307692307692 0.03125
0 0.23197115384615385 0.5817307692307693 0.026442307692307692 0.03365384615384615
0 0.23317307692307693 0.6129807692307693 0.028846153846153848 0.038461538461538464
0 0.23677884615384615 0.6394230769230769 0.026442307692307692 0.028846153846153848
0 0.2536057692307692 0.578125 0.026442307692307692 0.036057692307692304
0 0.25600961538461536 0.609375 0.026442307692307692 0.036057692307692304
0 0.25961538461538464 0.6382211538461539 0.02403846153846154 0.03125
0 0.27283653846153844 0.5745192307692307 0.026442307692307692 0.03365384615384615
0 0.2764423076923077 0.6069711538461539 0.028846153846153848 0.036057692307692304
0 0.2800480769230769 0.6358173076923077 0.026442307692307692 0.03125
0 0.30408653846153844 0.5709134615384616 0.036057692307692304 0.036057692307692304
0 0.29927884615384615 0.6045673076923077 0.026442307692307692 0.036057692307692304
0 0.30408653846153844 0.6334134615384616 0.026442307692307692 0.03125
0 0.3293269230769231 0.6009615384615384 0.038461538461538464 0.038461538461538464
0 0.3317307692307692 0.6310096153846154 0.038461538461538464 0.036057692307692304
0 0.31009615384615385 0.5432692307692307 0.02403846153846154 0.028846153846153848
0 0.3293269230769231 0.5420673076923077 0.02403846153846154 0.03125
0 0.33413461538461536 0.5709134615384616 0.02403846153846154 0.03125
0 0.35096153846153844 0.5408653846153846 0.02403846153846154 0.03365384615384615
0 0.3545673076923077 0.5685096153846154 0.021634615384615384 0.03125
0 0.35697115384615385 0.5973557692307693 0.021634615384615384 0.03125
0 0.3605769230769231 0.6274038461538461 0.02403846153846154 0.03365384615384615
0 0.3701923076923077 0.5372596153846154 0.02403846153846154 0.03125
0 0.375 0.5661057692307693 0.028846153846153848 0.036057692307692304
0 0.3762019230769231 0.59375 0.026442307692307692 0.03365384615384615
0 0.37740384615384615 0.6237980769230769 0.02403846153846154 0.036057692307692304
0 0.4026442307692308 0.5552884615384616 0.040865384615384616 0.052884615384615384
0 0.40865384615384615 0.6033653846153846 0.04326923076923077 0.057692307692307696
0 0.43149038461538464 0.5060096153846154 0.040865384615384616 0.05048076923076923
0 0.4375 0.5516826923076923 0.04326923076923077 0.055288461538461536
0 0.44350961538461536 0.5997596153846154 0.040865384615384616 0.06009615384615385
0 0.46033653846153844 0.4567307692307692 0.040865384615384616 0.052884615384615384
0 0.4639423076923077 0.5024038461538461 0.04326923076923077 0.057692307692307696
0 0.4699519230769231 0.5504807692307693 0.040865384615384616 0.052884615384615384
0 0.5096153846153846 0.5961538461538461 0.09615384615384616 0.0625
0 0.5961538461538461 0.5733173076923077 0.09615384615384616 0.06490384615384616
0 0.6826923076923077 0.5673076923076923 0.09615384615384616 0.0673076923076923
0 0.4951923076923077 0.4519230769230769 0.04326923076923077 0.052884615384615384
0 0.4987980769230769 0.49759615384615385 0.040865384615384616 0.052884615384615384
0 0.5036057692307693 0.5456730769230769 0.040865384615384616 0.052884615384615384
0 0.5288461538461539 0.4483173076923077 0.038461538461538464 0.05048076923076923
0 0.5336538461538461 0.49399038461538464 0.038461538461538464 0.055288461538461536
0 0.5384615384615384 0.5408653846153846 0.038461538461538464 0.052884615384615384
0 0.5612980769230769 0.44471153846153844 0.040865384615384616 0.052884615384615384
0 0.5661057692307693 0.49038461538461536 0.040865384615384616 0.052884615384615384
0 0.5721153846153846 0.53125 0.038461538461538464 0.038461538461538464
0 0.5961538461538461 0.4387019230769231 0.04326923076923077 0.055288461538461536
0 0.5997596153846154 0.4879807692307692 0.040865384615384616 0.052884615384615384
0 0.6069711538461539 0.5288461538461539 0.040865384615384616 0.04326923076923077
0 0.6334134615384616 0.4338942307692308 0.040865384615384616 0.05048076923076923
0 0.6382211538461539 0.4831730769230769 0.040865384615384616 0.052884615384615384
0 0.640625 0.5252403846153846 0.040865384615384616 0.040865384615384616
0 0.6682692307692307 0.43149038461538464 0.038461538461538464 0.05048076923076923
0 0.671875 0.4795673076923077 0.040865384615384616 0.055288461538461536
0 0.6766826923076923 0.5204326923076923 0.040865384615384616 0.040865384615384616
0 0.7007211538461539 0.42788461538461536 0.040865384615384616 0.052884615384615384
0 0.7067307692307693 0.47836538461538464 0.04326923076923077 0.057692307692307696
0 0.7091346153846154 0.5252403846153846 0.038461538461538464 0.055288461538461536
0 0.7367788461538461 0.4266826923076923 0.040865384615384616 0.055288461538461536
0 0.7403846153846154 0.47596153846153844 0.04326923076923077 0.057692307692307696
0 0.7451923076923077 0.5228365384615384 0.04326923076923077 0.06009615384615385
0 0.7487980769230769 0.5721153846153846 0.04567307692307692 0.057692307692307696
0 0.7716346153846154 0.421875 0.038461538461538464 0.055288461538461536
0 0.7752403846153846 0.4723557692307692 0.040865384615384616 0.055288461538461536
0 0.7800480769230769 0.5204326923076923 0.040865384615384616 0.06009615384615385
0 0.7848557692307693 0.5685096153846154 0.040865384615384616 0.06009615384615385
0 0.8100961538461539 0.46634615384615385 0.04326923076923077 0.057692307692307696
0 0.8149038461538461 0.515625 0.04326923076923077 0.06009615384615385
0 0.8209134615384616 0.5625 0.04567307692307692 0.057692307692307696
0 0.7115384615384616 0.75 0.1778846153846154 0.07692307692307693
0 0.7175480769230769 0.6370192307692307 0.2091346153846154 0.08653846153846154
0 0.7079326923076923 0.6923076923076923 0.18028846153846154 0.07211538461538461
0 0.8677884615384616 0.6225961538461539 0.11057692307692307 0.0673076923076923
0 0.9591346153846154 0.6069711538461539 0.08173076923076923 0.07932692307692307
0 0.8942307692307693 0.6814903846153846 0.21153846153846154 0.09375
0 0.8954326923076923 0.7331730769230769 0.2091346153846154 0.09134615384615384