0 0.5120192307692307 0.4807692307692308 0.7451923076923077 0.40865384615384615
0 0.07451923076923077 0.48677884615384615 0.14423076923076922 0.35336538461538464
0 0.13942307692307693 0.22716346153846154 0.27403846153846156 0.18509615384615385
0 0.1346153846153846 0.08774038461538461 0.2644230769230769 0.17067307692307693
0 0.9338942307692307 0.46033653846153844 0.12740384615384615 0.25240384615384615
0 0.8485576923076923 0.22956730769230768 0.2980769230769231 0.2283653846153846
0 0.8473557692307693 0.08653846153846154 0.3004807692307692 0.16826923076923078
0 0.640625 0.07932692307692307 0.11778846153846154 0.14903846153846154
0 0.6430288461538461 0.2283653846153846 0.11778846153846154 0.19230769230769232
0 0.5324519230769231 0.22956730769230768 0.10817307692307693 0.16105769230769232
0 0.5324519230769231 0.08413461538461539 0.11298076923076923 0.15865384615384615
0 0.4326923076923077 0.10817307692307693 0.11057692307692307 0.20673076923076922
0 0.43149038461538464 0.2536057692307692 0.10336538461538461 0.0985576923076923
0 0.3389423076923077 0.10817307692307693 0.09134615384615384 0.20673076923076922
0 0.3389423076923077 0.2439903846153846 0.08653846153846154 0.09375