0 0.6334134615384616 0.421875 0.06009615384615385 0.055288461538461536
0 0.5829326923076923 0.4026442307692308 0.04567307692307692 0.05048076923076923
0 0.5745192307692307 0.4387019230769231 0.04326923076923077 0.05048076923076923
0 0.5649038461538461 0.4795673076923077 0.04326923076923077 0.05048076923076923
0 0.5564903846153846 0.5192307692307693 0.040865384615384616 0.04326923076923077
0 0.6298076923076923 0.4579326923076923 0.052884615384615384 0.04567307692307692
0 0.6213942307692307 0.49158653846153844 0.06009615384615385 0.055288461538461536
0 0.6213942307692307 0.5372596153846154 0.040865384615384616 0.04567307692307692
0 0.6670673076923077 0.46634615384615385 0.026442307692307692 0.02403846153846154
0 0.6983173076923077 0.4855769230769231 0.055288461538461536 0.04807692307692308
0 0.6850961538461539 0.4543269230769231 0.038461538461538464 0.028846153846153848
0 0.7175480769230769 0.45552884615384615 0.026442307692307692 0.03125
0 0.7403846153846154 0.46274038461538464 0.028846153846153848 0.040865384615384616
0 0.7716346153846154 0.47115384615384615 0.052884615384615384 0.04326923076923077
0 0.7548076923076923 0.5012019230769231 0.052884615384615384 0.04567307692307692
0 0.7764423076923077 0.4831730769230769 0.028846153846153848 0.03365384615384615
0 0.8052884615384616 0.49399038461538464 0.04807692307692308 0.040865384615384616
0 0.84375 0.5036057692307693 0.04807692307692308 0.04567307692307692
0 0.8004807692307693 0.5276442307692307 0.052884615384615384 0.04567307692307692
0 0.8016826923076923 0.5612980769230769 0.03125 0.040865384615384616
0 0.7620192307692307 0.5817307692307693 0.04326923076923077 0.04326923076923077
0 0.7944711538461539 0.5913461538461539 0.03125 0.038461538461538464
0 0.8737980769230769 0.5432692307692307 0.04567307692307692 0.04326923076923077
0 0.875 0.578125 0.028846153846153848 0.036057692307692304
0 0.8677884615384616 0.609375 0.028846153846153848 0.040865384615384616
0 0.8605769230769231 0.6454326923076923 0.028846153846153848 0.036057692307692304
0 0.9170673076923077 0.5625 0.04567307692307692 0.038461538461538464
0 0.9182692307692307 0.5949519230769231 0.028846153846153848 0.036057692307692304
0 0.9110576923076923 0.6286057692307693 0.028846153846153848 0.036057692307692304
0 0.9038461538461539 0.65625 0.02403846153846154 0.03365384615384615