0 0.6334134615384616 0.41947115384615385 0.06009615384615385 0.055288461538461536
0 0.5805288461538461 0.4014423076923077 0.04567307692307692 0.04807692307692308
0 0.5721153846153846 0.4387019230769231 0.04326923076923077 0.05048076923076923
0 0.5661057692307693 0.4795673076923077 0.040865384615384616 0.05048076923076923
0 0.5564903846153846 0.5192307692307693 0.040865384615384616 0.04326923076923077
0 0.6286057692307693 0.45552884615384615 0.05048076923076923 0.04567307692307692
0 0.6213942307692307 0.4891826923076923 0.06009615384615385 0.055288461538461536
0 0.6213942307692307 0.5348557692307693 0.040865384615384616 0.04567307692307692
0 0.6670673076923077 0.46153846153846156 0.026442307692307692 0.02403846153846154
0 0.6983173076923077 0.4831730769230769 0.055288461538461536 0.04807692307692308
0 0.6850961538461539 0.45072115384615385 0.038461538461538464 0.026442307692307692
0 0.7175480769230769 0.453125 0.026442307692307692 0.03125
0 0.7379807692307693 0.4579326923076923 0.028846153846153848 0.040865384615384616
0 0.7692307692307693 0.4651442307692308 0.052884615384615384 0.040865384615384616
0 0.7548076923076923 0.4987980769230769 0.052884615384615384 0.04567307692307692
0 0.7764423076923077 0.47836538461538464 0.028846153846153848 0.03365384615384615
0 0.8052884615384616 0.4891826923076923 0.04807692307692308 0.040865384615384616
0 0.8425480769230769 0.49759615384615385 0.04567307692307692 0.04326923076923077
0 0.7992788461538461 0.5228365384615384 0.05048076923076923 0.04567307692307692
0 0.8016826923076923 0.5564903846153846 0.03125 0.040865384615384616
0 0.7620192307692307 0.5769230769230769 0.04326923076923077 0.04326923076923077
0 0.7944711538461539 0.5877403846153846 0.03125 0.036057692307692304
0 0.8737980769230769 0.5384615384615384 0.04567307692307692 0.04326923076923077
0 0.8774038461538461 0.5733173076923077 0.028846153846153848 0.036057692307692304
0 0.8677884615384616 0.6045673076923077 0.028846153846153848 0.040865384615384616
0 0.8617788461538461 0.6382211538461539 0.026442307692307692 0.036057692307692304
0 0.9182692307692307 0.5552884615384616 0.04326923076923077 0.038461538461538464
0 0.9194711538461539 0.5877403846153846 0.026442307692307692 0.036057692307692304
0 0.9122596153846154 0.6213942307692307 0.026442307692307692 0.036057692307692304
0 0.90625 0.6490384615384616 0.02403846153846154 0.03365384615384615