0 0.625 0.4098557692307692 0.057692307692307696 0.05048076923076923
0 0.5709134615384616 0.39302884615384615 0.040865384615384616 0.04567307692307692
0 0.5673076923076923 0.4326923076923077 0.038461538461538464 0.04807692307692308
0 0.5625 0.4735576923076923 0.038461538461538464 0.04807692307692308
0 0.5576923076923077 0.5132211538461539 0.038461538461538464 0.040865384615384616
0 0.6225961538461539 0.44591346153846156 0.04807692307692308 0.040865384615384616
0 0.6177884615384616 0.4795673076923077 0.057692307692307696 0.05048076923076923
0 0.6225961538461539 0.5240384615384616 0.038461538461538464 0.04326923076923077
0 0.6634615384615384 0.44711538461538464 0.02403846153846154 0.02403846153846154
0 0.6971153846153846 0.4651442307692308 0.052884615384615384 0.04567307692307692
0 0.6790865384615384 0.43509615384615385 0.036057692307692304 0.02403846153846154
0 0.7139423076923077 0.4326923076923077 0.02403846153846154 0.028846153846153848
0 0.734375 0.4375 0.026442307692307692 0.038461538461538464
0 0.765625 0.4423076923076923 0.05048076923076923 0.038461538461538464
0 0.7536057692307693 0.47475961538461536 0.05048076923076923 0.040865384615384616
0 0.7728365384615384 0.4543269230769231 0.026442307692307692 0.03365384615384615
0 0.8040865384615384 0.46153846153846156 0.04567307692307692 0.038461538461538464
0 0.8413461538461539 0.4675480769230769 0.04326923076923077 0.040865384615384616
0 0.8004807692307693 0.4963942307692308 0.04807692307692308 0.040865384615384616
0 0.8052884615384616 0.53125 0.028846153846153848 0.038461538461538464
0 0.7680288461538461 0.5516826923076923 0.040865384615384616 0.040865384615384616
0 0.8004807692307693 0.5612980769230769 0.028846153846153848 0.036057692307692304
0 0.8774038461538461 0.5060096153846154 0.04326923076923077 0.040865384615384616
0 0.8810096153846154 0.5396634615384616 0.026442307692307692 0.036057692307692304
0 0.8762019230769231 0.5721153846153846 0.026442307692307692 0.038461538461538464
0 0.8725961538461539 0.6069711538461539 0.02403846153846154 0.036057692307692304
0 0.9206730769230769 0.5180288461538461 0.04326923076923077 0.036057692307692304
0 0.9254807692307693 0.5516826923076923 0.02403846153846154 0.036057692307692304
0 0.9230769230769231 0.5829326923076923 0.02403846153846154 0.036057692307692304
0 0.9170673076923077 0.6141826923076923 0.021634615384615384 0.03125