0 0.07091346153846154 0.3425480769230769 0.06009615384615385 0.040865384615384616
0 0.07451923076923077 0.3713942307692308 0.07211538461538461 0.040865384615384616
0 0.028846153846153848 0.3641826923076923 0.02403846153846154 0.036057692307692304
0 0.026442307692307692 0.39302884615384615 0.02403846153846154 0.036057692307692304
0 0.02403846153846154 0.43028846153846156 0.028846153846153848 0.038461538461538464
0 0.06971153846153846 0.4026442307692308 0.07211538461538461 0.036057692307692304
0 0.06850961538461539 0.43149038461538464 0.06971153846153846 0.040865384615384616
0 0.07451923076923077 0.4639423076923077 0.052884615384615384 0.03365384615384615
0 0.13822115384615385 0.38221153846153844 0.06009615384615385 0.038461538461538464
0 0.13581730769230768 0.4098557692307692 0.06009615384615385 0.040865384615384616
0 0.13341346153846154 0.43990384615384615 0.06009615384615385 0.038461538461538464
0 0.12860576923076922 0.4699519230769231 0.06009615384615385 0.040865384615384616
0 0.17067307692307693 0.3629807692307692 0.052884615384615384 0.028846153846153848
0 0.19110576923076922 0.3918269230769231 0.055288461538461536 0.03365384615384615
0 0.18990384615384615 0.4182692307692308 0.057692307692307696 0.038461538461538464
0 0.18629807692307693 0.44471153846153844 0.06009615384615385 0.038461538461538464
0 0.18389423076923078 0.47475961538461536 0.06009615384615385 0.040865384615384616
0 0.24519230769230768 0.39903846153846156 0.057692307692307696 0.038461538461538464
0 0.24278846153846154 0.4266826923076923 0.057692307692307696 0.040865384615384616
0 0.23918269230769232 0.4543269230769231 0.06009615384615385 0.03365384615384615
0 0.23677884615384615 0.4831730769230769 0.06009615384615385 0.038461538461538464
0 0.22355769230769232 0.36658653846153844 0.014423076923076924 0.026442307692307692
0 0.2980769230769231 0.38100961538461536 0.052884615384615384 0.03125
0 0.29447115384615385 0.40865384615384615 0.05048076923076923 0.03365384615384615
0 0.2932692307692308 0.4338942307692308 0.04807692307692308 0.036057692307692304
0 0.28966346153846156 0.45913461538461536 0.05048076923076923 0.03365384615384615
0 0.28846153846153844 0.4891826923076923 0.04326923076923077 0.036057692307692304
0 0.3401442307692308 0.3870192307692308 0.04567307692307692 0.03365384615384615
0 0.3389423076923077 0.41346153846153844 0.04326923076923077 0.03365384615384615
0 0.33533653846153844 0.4411057692307692 0.040865384615384616 0.03125
0 0.3329326923076923 0.4651442307692308 0.040865384615384616 0.03125
0 0.33052884615384615 0.49278846153846156 0.040865384615384616 0.03365384615384615
0 0.3798076923076923 0.4182692307692308 0.04326923076923077 0.03365384615384615
0 0.3762019230769231 0.44591346153846156 0.04567307692307692 0.03125
0 0.3737980769230769 0.4723557692307692 0.04567307692307692 0.03125
0 0.37259615384615385 0.4987980769230769 0.038461538461538464 0.03125
0 0.4014423076923077 0.40024038461538464 0.04807692307692308 0.03125
0 0.41586538461538464 0.4266826923076923 0.038461538461538464 0.03125
0 0.41346153846153844 0.45072115384615385 0.038461538461538464 0.03125
0 0.4098557692307692 0.47475961538461536 0.036057692307692304 0.03125
0 0.4074519230769231 0.5024038461538461 0.036057692307692304 0.028846153846153848
0 0.44350961538461536 0.4074519230769231 0.040865384615384616 0.03125
0 0.453125 0.43149038461538464 0.040865384615384616 0.03125
0 0.4495192307692308 0.4567307692307692 0.04326923076923077 0.03365384615384615
0 0.44711538461538464 0.48197115384615385 0.04326923076923077 0.03125
0 0.4483173076923077 0.5084134615384616 0.036057692307692304 0.026442307692307692
0 0.47716346153846156 0.41346153846153844 0.036057692307692304 0.028846153846153848
0 0.48677884615384615 0.4375 0.036057692307692304 0.028846153846153848
0 0.484375 0.46153846153846156 0.036057692307692304 0.028846153846153848
0 0.4831730769230769 0.48677884615384615 0.03365384615384615 0.026442307692307692
0 0.4795673076923077 0.5096153846153846 0.036057692307692304 0.028846153846153848
0 0.5120192307692307 0.4206730769230769 0.038461538461538464 0.028846153846153848
0 0.5204326923076923 0.44591346153846156 0.040865384615384616 0.03125
0 0.5192307692307693 0.46634615384615385 0.038461538461538464 0.028846153846153848
0 0.5168269230769231 0.4891826923076923 0.038461538461538464 0.03125
0 0.5168269230769231 0.515625 0.028846153846153848 0.026442307692307692
0 0.5492788461538461 0.42788461538461536 0.040865384615384616 0.028846153846153848
0 0.5540865384615384 0.4483173076923077 0.03125 0.026442307692307692
0 0.5516826923076923 0.4723557692307692 0.03125 0.026442307692307692
0 0.5480769230769231 0.4951923076923077 0.028846153846153848 0.02403846153846154
0 0.5456730769230769 0.5180288461538461 0.028846153846153848 0.026442307692307692
0 0.5841346153846154 0.4338942307692308 0.03365384615384615 0.026442307692307692
0 0.5829326923076923 0.4543269230769231 0.036057692307692304 0.028846153846153848
0 0.5817307692307693 0.47716346153846156 0.03365384615384615 0.026442307692307692
0 0.578125 0.5 0.036057692307692304 0.028846153846153848
0 0.5793269230769231 0.5228365384615384 0.028846153846153848 0.026442307692307692
0 0.6129807692307693 0.4387019230769231 0.028846153846153848 0.026442307692307692
0 0.6129807692307693 0.46274038461538464 0.028846153846153848 0.026442307692307692
0 0.609375 0.4807692307692308 0.03125 0.028846153846153848
0 0.6081730769230769 0.5012019230769231 0.028846153846153848 0.026442307692307692
0 0.6033653846153846 0.5252403846153846 0.028846153846153848 0.026442307692307692
0 0.6418269230769231 0.44350961538461536 0.028846153846153848 0.026442307692307692
0 0.6394230769230769 0.46274038461538464 0.028846153846153848 0.026442307692307692
0 0.6370192307692307 0.4831730769230769 0.028846153846153848 0.02403846153846154
0 0.6346153846153846 0.5072115384615384 0.028846153846153848 0.02403846153846154
0 0.6358173076923077 0.5288461538461539 0.026442307692307692 0.02403846153846154
0 0.6670673076923077 0.44711538461538464 0.026442307692307692 0.02403846153846154
0 0.6682692307692307 0.46875 0.028846153846153848 0.02403846153846154
0 0.6646634615384616 0.4879807692307692 0.026442307692307692 0.02403846153846154
0 0.6610576923076923 0.5096153846153846 0.028846153846153848 0.02403846153846154
0 0.6598557692307693 0.5300480769230769 0.026442307692307692 0.026442307692307692
0 0.6838942307692307 0.49399038461538464 0.016826923076923076 0.021634615384615384
0 0.6814903846153846 0.5132211538461539 0.016826923076923076 0.021634615384615384
0 0.6971153846153846 0.5360576923076923 0.02403846153846154 0.02403846153846154
0 0.6947115384615384 0.47115384615384615 0.014423076923076924 0.019230769230769232
0 0.7043269230769231 0.4723557692307692 0.014423076923076924 0.021634615384615384
0 0.734375 0.47475961538461536 0.05048076923076923 0.026442307692307692
0 0.7331730769230769 0.4963942307692308 0.052884615384615384 0.026442307692307692
0 0.7427884615384616 0.5036057692307693 0.052884615384615384 0.026442307692307692
0 0.7403846153846154 0.5228365384615384 0.052884615384615384 0.026442307692307692
0 0.7151442307692307 0.515625 0.016826923076923076 0.026442307692307692
0 0.7463942307692307 0.5408653846153846 0.040865384615384616 0.028846153846153848
0 0.7415865384615384 0.45552884615384615 0.01201923076923077 0.016826923076923076
0 0.7536057692307693 0.4567307692307692 0.01201923076923077 0.019230769230769232
0 0.7644230769230769 0.4579326923076923 0.014423076923076924 0.021634615384615384
0 0.7908653846153846 0.46634615384615385 0.04807692307692308 0.028846153846153848
0 0.7896634615384616 0.4855769230769231 0.05048076923076923 0.028846153846153848
0 0.7908653846153846 0.5072115384615384 0.04326923076923077 0.028846153846153848
0 0.7884615384615384 0.5276442307692307 0.04326923076923077 0.026442307692307692
0 0.7860576923076923 0.546875 0.038461538461538464 0.026442307692307692
0 0.8329326923076923 0.47836538461538464 0.040865384615384616 0.028846153846153848
0 0.8305288461538461 0.4987980769230769 0.040865384615384616 0.026442307692307692
0 0.828125 0.515625 0.040865384615384616 0.026442307692307692
0 0.828125 0.5348557692307693 0.040865384615384616 0.026442307692307692
0 0.828125 0.5516826923076923 0.036057692307692304 0.021634615384615384
0 0.8569711538461539 0.48197115384615385 0.01201923076923077 0.016826923076923076
0 0.8545673076923077 0.5 0.01201923076923077 0.019230769230769232
0 0.8521634615384616 0.5180288461538461 0.01201923076923077 0.016826923076923076
0 0.8497596153846154 0.5360576923076923 0.01201923076923077 0.019230769230769232
0 0.859375 0.5384615384615384 0.01201923076923077 0.019230769230769232
0 0.8701923076923077 0.5384615384615384 0.014423076923076924 0.019230769230769232
0 0.8629807692307693 0.5192307692307693 0.014423076923076924 0.019230769230769232
0 0.8653846153846154 0.5012019230769231 0.014423076923076924 0.016826923076923076
0 0.8665865384615384 0.4831730769230769 0.01201923076923077 0.019230769230769232
0 0.8930288461538461 0.484375 0.040865384615384616 0.026442307692307692
0 0.8762019230769231 0.5024038461538461 0.01201923076923077 0.019230769230769232
0 0.8978365384615384 0.5048076923076923 0.040865384615384616 0.028846153846153848
0 0.8725961538461539 0.5180288461538461 0.014423076923076924 0.021634615384615384
0 0.8978365384615384 0.5252403846153846 0.040865384615384616 0.026442307692307692
0 0.8954326923076923 0.5420673076923077 0.040865384615384616 0.026442307692307692
0 0.9266826923076923 0.4987980769230769 0.03125 0.021634615384615384
0 0.9338942307692307 0.515625 0.03125 0.021634615384615384
0 0.9302884615384616 0.5336538461538461 0.03365384615384615 0.019230769230769232
0 0.9302884615384616 0.5480769230769231 0.03365384615384615 0.019230769230769232
0 0.8966346153846154 0.5625 0.028846153846153848 0.019230769230769232
0 0.9326923076923077 0.5673076923076923 0.028846153846153848 0.019230769230769232