0 0.12740384615384615 0.43990384615384615 0.028846153846153848 0.028846153846153848
0 0.12740384615384615 0.4651442307692308 0.028846153846153848 0.026442307692307692
0 0.15625 0.41947115384615385 0.028846153846153848 0.026442307692307692
0 0.15504807692307693 0.44591346153846156 0.03125 0.026442307692307692
0 0.15384615384615385 0.47115384615384615 0.028846153846153848 0.02403846153846154
0 0.19230769230769232 0.3894230769230769 0.04326923076923077 0.028846153846153848
0 0.18509615384615385 0.41466346153846156 0.03365384615384615 0.026442307692307692
0 0.18509615384615385 0.4411057692307692 0.028846153846153848 0.026442307692307692
0 0.18269230769230768 0.4675480769230769 0.028846153846153848 0.026442307692307692
0 0.21754807692307693 0.41346153846153844 0.040865384615384616 0.028846153846153848
0 0.21875 0.43990384615384615 0.04326923076923077 0.03365384615384615
0 0.21394230769230768 0.46875 0.03365384615384615 0.03365384615384615
0 0.21995192307692307 0.38822115384615385 0.016826923076923076 0.026442307692307692
0 0.28725961538461536 0.38341346153846156 0.040865384615384616 0.03125
0 0.2860576923076923 0.4110576923076923 0.04326923076923077 0.03365384615384615
0 0.2860576923076923 0.4411057692307692 0.04326923076923077 0.03125
0 0.2860576923076923 0.4675480769230769 0.04326923076923077 0.03125
0 0.3173076923076923 0.38221153846153844 0.019230769230769232 0.03365384615384615
0 0.3173076923076923 0.4110576923076923 0.019230769230769232 0.028846153846153848
0 0.3161057692307692 0.4387019230769231 0.016826923076923076 0.026442307692307692
0 0.31490384615384615 0.4675480769230769 0.014423076923076924 0.026442307692307692
0 0.33413461538461536 0.38100961538461536 0.014423076923076924 0.026442307692307692
0 0.34975961538461536 0.38341346153846156 0.016826923076923076 0.026442307692307692
0 0.36538461538461536 0.38221153846153844 0.014423076923076924 0.028846153846153848
0 0.3473557692307692 0.4110576923076923 0.04567307692307692 0.028846153846153848
0 0.34134615384615385 0.4387019230769231 0.03365384615384615 0.026442307692307692
0 0.34134615384615385 0.46634615384615385 0.03365384615384615 0.03365384615384615
0 0.375 0.43509615384615385 0.03365384615384615 0.028846153846153848
0 0.37259615384615385 0.46153846153846156 0.03365384615384615 0.028846153846153848
0 0.39663461538461536 0.40865384615384615 0.04326923076923077 0.028846153846153848
0 0.4110576923076923 0.4326923076923077 0.04326923076923077 0.03365384615384615
0 0.40865384615384615 0.46274038461538464 0.04326923076923077 0.03125
0 0.42788461538461536 0.4050480769230769 0.019230769230769232 0.026442307692307692
0 0.41346153846153844 0.38221153846153844 0.04807692307692308 0.02403846153846154
0 0.44350961538461536 0.38221153846153844 0.016826923076923076 0.02403846153846154
0 0.44591346153846156 0.4050480769230769 0.021634615384615384 0.026442307692307692
0 0.44350961538461536 0.43509615384615385 0.021634615384615384 0.028846153846153848
0 0.44471153846153844 0.46274038461538464 0.019230769230769232 0.026442307692307692
0 0.45913461538461536 0.38341346153846156 0.014423076923076924 0.021634615384615384
0 0.47115384615384615 0.40865384615384615 0.03365384615384615 0.028846153846153848
0 0.4699519230769231 0.43509615384615385 0.036057692307692304 0.03365384615384615
0 0.4699519230769231 0.46274038461538464 0.036057692307692304 0.03125
0 0.5132211538461539 0.375 0.04567307692307692 0.028846153846153848
0 0.5108173076923077 0.4014423076923077 0.04567307692307692 0.028846153846153848
0 0.5060096153846154 0.42908653846153844 0.036057692307692304 0.036057692307692304
0 0.5048076923076923 0.45913461538461536 0.03365384615384615 0.03365384615384615
0 0.5408653846153846 0.4050480769230769 0.03365384615384615 0.026442307692307692
0 0.5384615384615384 0.4326923076923077 0.03365384615384615 0.028846153846153848
0 0.5372596153846154 0.46033653846153844 0.036057692307692304 0.03125
0 0.5420673076923077 0.37259615384615385 0.016826923076923076 0.02403846153846154
0 0.5612980769230769 0.37259615384615385 0.016826923076923076 0.02403846153846154
0 0.578125 0.37259615384615385 0.016826923076923076 0.02403846153846154
0 0.5805288461538461 0.40024038461538464 0.04567307692307692 0.03125
0 0.5745192307692307 0.43028846153846156 0.03365384615384615 0.028846153846153848
0 0.5721153846153846 0.46033653846153844 0.03365384615384615 0.026442307692307692
0 0.5949519230769231 0.3737980769230769 0.016826923076923076 0.026442307692307692
0 0.6117788461538461 0.3713942307692308 0.016826923076923076 0.026442307692307692
0 0.6129807692307693 0.4014423076923077 0.019230769230769232 0.03365384615384615
0 0.609375 0.4326923076923077 0.036057692307692304 0.03365384615384615
0 0.6057692307692307 0.46033653846153844 0.038461538461538464 0.03125
0 0.6490384615384616 0.39783653846153844 0.04807692307692308 0.03125
0 0.6262019230769231 0.3737980769230769 0.016826923076923076 0.026442307692307692
0 0.6418269230769231 0.3713942307692308 0.014423076923076924 0.026442307692307692
0 0.6490384615384616 0.4266826923076923 0.04807692307692308 0.03125
0 0.6502403846153846 0.4567307692307692 0.05048076923076923 0.03365384615384615
0 0.6622596153846154 0.3737980769230769 0.016826923076923076 0.021634615384615384
0 0.6766826923076923 0.3737980769230769 0.016826923076923076 0.016826923076923076
0 0.6935096153846154 0.3762019230769231 0.016826923076923076 0.016826923076923076
0 0.7079326923076923 0.3762019230769231 0.016826923076923076 0.021634615384615384
0 0.7223557692307693 0.3762019230769231 0.016826923076923076 0.021634615384615384
0 0.6790865384615384 0.39783653846153844 0.016826923076923076 0.026442307692307692
0 0.6814903846153846 0.42788461538461536 0.016826923076923076 0.028846153846153848
0 0.6814903846153846 0.4567307692307692 0.016826923076923076 0.03365384615384615
0 0.6983173076923077 0.4567307692307692 0.016826923076923076 0.03365384615384615
0 0.6983173076923077 0.4266826923076923 0.016826923076923076 0.026442307692307692
0 0.6971153846153846 0.40024038461538464 0.019230769230769232 0.026442307692307692
0 0.7151442307692307 0.40024038461538464 0.021634615384615384 0.026442307692307692
0 0.734375 0.4026442307692308 0.016826923076923076 0.026442307692307692
0 0.75 0.4026442307692308 0.019230769230769232 0.026442307692307692
0 0.7644230769230769 0.4026442307692308 0.014423076923076924 0.026442307692307692
0 0.7800480769230769 0.4026442307692308 0.016826923076923076 0.026442307692307692