0 0.12980769230769232 0.4338942307692308 0.028846153846153848 0.03125
0 0.12740384615384615 0.45913461538461536 0.028846153846153848 0.028846153846153848
0 0.15625 0.41346153846153844 0.028846153846153848 0.028846153846153848
0 0.15745192307692307 0.43990384615384615 0.03125 0.028846153846153848
0 0.15384615384615385 0.46634615384615385 0.028846153846153848 0.02403846153846154
0 0.19471153846153846 0.38461538461538464 0.04326923076923077 0.028846153846153848
0 0.1875 0.40865384615384615 0.03365384615384615 0.028846153846153848
0 0.18509615384615385 0.43509615384615385 0.028846153846153848 0.028846153846153848
0 0.18269230769230768 0.46153846153846156 0.028846153846153848 0.028846153846153848
0 0.21995192307692307 0.40865384615384615 0.040865384615384616 0.028846153846153848
0 0.21875 0.43509615384615385 0.04326923076923077 0.03365384615384615
0 0.21394230769230768 0.46153846153846156 0.03365384615384615 0.03365384615384615
0 0.22235576923076922 0.38341346153846156 0.016826923076923076 0.026442307692307692
0 0.28966346153846156 0.3786057692307692 0.040865384615384616 0.03125
0 0.28846153846153844 0.40865384615384615 0.04326923076923077 0.03365384615384615
0 0.2860576923076923 0.4387019230769231 0.04326923076923077 0.03125
0 0.2860576923076923 0.46274038461538464 0.04326923076923077 0.03125
0 0.31971153846153844 0.37740384615384615 0.019230769230769232 0.03365384615384615
0 0.3173076923076923 0.40625 0.019230769230769232 0.028846153846153848
0 0.31850961538461536 0.4362980769230769 0.016826923076923076 0.026442307692307692
0 0.3137019230769231 0.4651442307692308 0.016826923076923076 0.026442307692307692
0 0.33774038461538464 0.3786057692307692 0.016826923076923076 0.026442307692307692
0 0.35216346153846156 0.3786057692307692 0.016826923076923076 0.026442307692307692
0 0.36658653846153844 0.3798076923076923 0.016826923076923076 0.028846153846153848
0 0.34975961538461536 0.40865384615384615 0.04567307692307692 0.028846153846153848
0 0.34375 0.43509615384615385 0.03365384615384615 0.028846153846153848
0 0.34134615384615385 0.4639423076923077 0.03365384615384615 0.03365384615384615
0 0.375 0.43149038461538464 0.03365384615384615 0.03125
0 0.375 0.46033653846153844 0.03365384615384615 0.03125
0 0.39663461538461536 0.40625 0.04326923076923077 0.028846153846153848
0 0.41346153846153844 0.4326923076923077 0.04326923076923077 0.03365384615384615
0 0.4110576923076923 0.46033653846153844 0.04326923076923077 0.03125
0 0.42788461538461536 0.4050480769230769 0.019230769230769232 0.026442307692307692
0 0.41586538461538464 0.38100961538461536 0.04807692307692308 0.026442307692307692
0 0.44591346153846156 0.38221153846153844 0.016826923076923076 0.02403846153846154
0 0.4483173076923077 0.4050480769230769 0.021634615384615384 0.026442307692307692
0 0.44591346153846156 0.43509615384615385 0.021634615384615384 0.028846153846153848
0 0.44471153846153844 0.46274038461538464 0.019230769230769232 0.026442307692307692
0 0.46153846153846156 0.38341346153846156 0.014423076923076924 0.021634615384615384
0 0.4723557692307692 0.4074519230769231 0.036057692307692304 0.03125
0 0.47115384615384615 0.43509615384615385 0.038461538461538464 0.03365384615384615
0 0.47115384615384615 0.46274038461538464 0.038461538461538464 0.03125
0 0.5132211538461539 0.375 0.04567307692307692 0.028846153846153848
0 0.5132211538461539 0.4014423076923077 0.04567307692307692 0.028846153846153848
0 0.5072115384615384 0.42908653846153844 0.038461538461538464 0.036057692307692304
0 0.5060096153846154 0.45913461538461536 0.036057692307692304 0.03365384615384615
0 0.5420673076923077 0.40625 0.036057692307692304 0.028846153846153848
0 0.5396634615384616 0.4338942307692308 0.036057692307692304 0.03125
0 0.5384615384615384 0.46274038461538464 0.038461538461538464 0.03125
0 0.5444711538461539 0.375 0.016826923076923076 0.02403846153846154
0 0.5637019230769231 0.37259615384615385 0.016826923076923076 0.02403846153846154
0 0.5805288461538461 0.37259615384615385 0.016826923076923076 0.02403846153846154
0 0.5817307692307693 0.40024038461538464 0.04807692307692308 0.03125
0 0.5757211538461539 0.43149038461538464 0.036057692307692304 0.03125
0 0.5721153846153846 0.46153846153846156 0.03365384615384615 0.028846153846153848
0 0.5973557692307693 0.3737980769230769 0.016826923076923076 0.026442307692307692
0 0.6141826923076923 0.3737980769230769 0.016826923076923076 0.026442307692307692
0 0.6129807692307693 0.40384615384615385 0.019230769230769232 0.03365384615384615
0 0.6105769230769231 0.43509615384615385 0.038461538461538464 0.03365384615384615
0 0.6069711538461539 0.46274038461538464 0.040865384615384616 0.03125
0 0.6526442307692307 0.40024038461538464 0.05048076923076923 0.03125
0 0.6286057692307693 0.3737980769230769 0.016826923076923076 0.026442307692307692
0 0.6430288461538461 0.3737980769230769 0.016826923076923076 0.026442307692307692
0 0.6502403846153846 0.42908653846153844 0.05048076923076923 0.03125
0 0.6514423076923077 0.4579326923076923 0.052884615384615384 0.036057692307692304
0 0.6646634615384616 0.3762019230769231 0.016826923076923076 0.021634615384615384
0 0.6790865384615384 0.3786057692307692 0.016826923076923076 0.016826923076923076
0 0.6959134615384616 0.3786057692307692 0.016826923076923076 0.016826923076923076
0 0.7103365384615384 0.3786057692307692 0.016826923076923076 0.021634615384615384
0 0.7247596153846154 0.38100961538461536 0.016826923076923076 0.021634615384615384
0 0.6814903846153846 0.4026442307692308 0.016826923076923076 0.026442307692307692
0 0.6838942307692307 0.43028846153846156 0.016826923076923076 0.028846153846153848
0 0.6838942307692307 0.45913461538461536 0.016826923076923076 0.03365384615384615
0 0.6983173076923077 0.46153846153846156 0.016826923076923076 0.03365384615384615
0 0.7007211538461539 0.42908653846153844 0.016826923076923076 0.026442307692307692
0 0.6971153846153846 0.4026442307692308 0.019230769230769232 0.026442307692307692
0 0.7175480769230769 0.4050480769230769 0.021634615384615384 0.026442307692307692
0 0.734375 0.4050480769230769 0.016826923076923076 0.026442307692307692
0 0.75 0.4074519230769231 0.019230769230769232 0.026442307692307692
0 0.765625 0.4050480769230769 0.016826923076923076 0.026442307692307692
0 0.7824519230769231 0.4074519230769231 0.016826923076923076 0.026442307692307692