0 0.06370192307692307 0.4387019230769231 0.021634615384615384 0.03125
0 0.06610576923076923 0.4699519230769231 0.021634615384615384 0.036057692307692304
0 0.06971153846153846 0.4987980769230769 0.019230769230769232 0.036057692307692304
0 0.07451923076923077 0.5264423076923077 0.019230769230769232 0.038461538461538464
0 0.08774038461538461 0.43509615384615385 0.036057692307692304 0.038461538461538464
0 0.09134615384615384 0.46634615384615385 0.038461538461538464 0.038461538461538464
0 0.09615384615384616 0.5012019230769231 0.038461538461538464 0.040865384615384616
0 0.09975961538461539 0.53125 0.036057692307692304 0.038461538461538464
0 0.1141826923076923 0.4338942307692308 0.026442307692307692 0.036057692307692304
0 0.13341346153846154 0.43149038461538464 0.021634615384615384 0.03125
0 0.12139423076923077 0.4735576923076923 0.021634615384615384 0.038461538461538464
0 0.125 0.5060096153846154 0.02403846153846154 0.040865384615384616
0 0.12980769230769232 0.5396634615384616 0.02403846153846154 0.040865384615384616
0 0.14182692307692307 0.4699519230769231 0.028846153846153848 0.04567307692307692
0 0.14543269230769232 0.5060096153846154 0.026442307692307692 0.040865384615384616
0 0.1502403846153846 0.5432692307692307 0.026442307692307692 0.04326923076923077
0 0.1658653846153846 0.39903846153846156 0.04326923076923077 0.04326923076923077
0 0.16826923076923078 0.43509615384615385 0.04326923076923077 0.04326923076923077
0 0.16346153846153846 0.4723557692307692 0.028846153846153848 0.04567307692307692
0 0.16947115384615385 0.5096153846153846 0.026442307692307692 0.04326923076923077
0 0.17307692307692307 0.5480769230769231 0.028846153846153848 0.04807692307692308
0 0.1971153846153846 0.39903846153846156 0.028846153846153848 0.038461538461538464
0 0.20072115384615385 0.4362980769230769 0.026442307692307692 0.036057692307692304
0 0.1971153846153846 0.4735576923076923 0.04807692307692308 0.04807692307692308
0 0.203125 0.5132211538461539 0.05048076923076923 0.05048076923076923
0 0.20552884615384615 0.5492788461538461 0.05048076923076923 0.05048076923076923
0 0.24158653846153846 0.4026442307692308 0.05048076923076923 0.05048076923076923
0 0.24639423076923078 0.44350961538461536 0.05048076923076923 0.05048076923076923
0 0.24278846153846154 0.48677884615384615 0.03365384615384615 0.04567307692307692
0 0.24759615384615385 0.5252403846153846 0.03365384615384615 0.04567307692307692
0 0.2512019230769231 0.5649038461538461 0.03125 0.04326923076923077
0 0.27163461538461536 0.48197115384615385 0.03365384615384615 0.05048076923076923
0 0.27283653846153844 0.5276442307692307 0.036057692307692304 0.05048076923076923
0 0.2776442307692308 0.5685096153846154 0.036057692307692304 0.055288461538461536
0 0.2932692307692308 0.4026442307692308 0.038461538461538464 0.05048076923076923
0 0.2980769230769231 0.44350961538461536 0.038461538461538464 0.05048076923076923
0 0.30288461538461536 0.48677884615384615 0.038461538461538464 0.055288461538461536
0 0.3076923076923077 0.5300480769230769 0.038461538461538464 0.055288461538461536
0 0.3112980769230769 0.5733173076923077 0.036057692307692304 0.055288461538461536
0 0.3557692307692308 0.35096153846153844 0.0625 0.057692307692307696
0 0.33653846153846156 0.4014423076923077 0.057692307692307696 0.04807692307692308
0 0.3401442307692308 0.44350961538461536 0.06009615384615385 0.055288461538461536
0 0.34615384615384615 0.49038461538461536 0.0625 0.057692307692307696
0 0.35096153846153844 0.5348557692307693 0.0625 0.06490384615384616
0 0.3473557692307692 0.5841346153846154 0.04567307692307692 0.057692307692307696
0 0.375 0.3954326923076923 0.03365384615384615 0.04567307692307692
0 0.38221153846153844 0.4411057692307692 0.03365384615384615 0.05048076923076923
0 0.4230769230769231 0.41947115384615385 0.0673076923076923 0.055288461538461536
0 0.42908653846153844 0.4675480769230769 0.06971153846153846 0.06490384615384616
0 0.4338942307692308 0.5144230769230769 0.06971153846153846 0.0625
0 0.4387019230769231 0.5576923076923077 0.06971153846153846 0.0625
0 0.4423076923076923 0.3713942307692308 0.0673076923076923 0.055288461538461536
0 0.4651442307692308 0.41586538461538464 0.03125 0.04807692307692308
0 0.44350961538461536 0.6021634615384616 0.06971153846153846 0.06490384615384616
0 0.47115384615384615 0.46153846153846156 0.03365384615384615 0.04807692307692308
0 0.47716346153846156 0.5048076923076923 0.03125 0.04807692307692308
0 0.4831730769230769 0.5552884615384616 0.03365384615384615 0.04807692307692308
0 0.4891826923076923 0.5997596153846154 0.03125 0.05048076923076923
0 0.48677884615384615 0.3581730769230769 0.03125 0.04326923076923077
0 0.515625 0.35336538461538464 0.03125 0.04326923076923077
0 0.5420673076923077 0.35096153846153844 0.03125 0.038461538461538464
0 0.5144230769230769 0.4026442307692308 0.08173076923076923 0.06971153846153846
0 0.5228365384615384 0.45913461538461536 0.07932692307692307 0.0673076923076923
0 0.5276442307692307 0.5120192307692307 0.07932692307692307 0.07211538461538461
0 0.5324519230769231 0.5637019230769231 0.07932692307692307 0.07451923076923077
0 0.5384615384615384 0.6201923076923077 0.07692307692307693 0.07692307692307693
0 0.5673076923076923 0.39783653846153844 0.038461538461538464 0.06009615384615385
0 0.5745192307692307 0.4543269230769231 0.038461538461538464 0.0625
0 0.5757211538461539 0.5096153846153846 0.036057692307692304 0.0625
0 0.5841346153846154 0.5637019230769231 0.038461538461538464 0.06009615384615385
0 0.5901442307692307 0.6213942307692307 0.036057692307692304 0.06009615384615385
0 0.59375 0.34134615384615385 0.08173076923076923 0.0673076923076923
0 0.5961538461538461 0.3954326923076923 0.03365384615384615 0.055288461538461536
0 0.6021634615384616 0.4495192307692308 0.036057692307692304 0.057692307692307696
0 0.6081730769230769 0.5036057692307693 0.038461538461538464 0.06009615384615385
0 0.6153846153846154 0.5637019230769231 0.038461538461538464 0.06009615384615385
0 0.6201923076923077 0.6165865384615384 0.038461538461538464 0.06009615384615385
0 0.6213942307692307 0.3954326923076923 0.036057692307692304 0.06009615384615385
0 0.6466346153846154 0.33774038461538464 0.038461538461538464 0.06009615384615385
0 0.6538461538461539 0.3918269230769231 0.038461538461538464 0.057692307692307696
0 0.6778846153846154 0.34134615384615385 0.03365384615384615 0.04807692307692308
0 0.6838942307692307 0.38822115384615385 0.036057692307692304 0.05048076923076923
0 0.6646634615384616 0.4495192307692308 0.0889423076923077 0.07211538461538461
0 0.671875 0.5024038461538461 0.0889423076923077 0.07211538461538461
0 0.6766826923076923 0.5504807692307693 0.0889423076923077 0.07211538461538461
0 0.6838942307692307 0.6033653846153846 0.0889423076923077 0.08173076923076923
0 0.6911057692307693 0.6634615384615384 0.09375 0.08653846153846154
0 0.7211538461538461 0.4423076923076923 0.038461538461538464 0.0625
0 0.7391826923076923 0.3245192307692308 0.08413461538461539 0.0673076923076923
0 0.7451923076923077 0.37740384615384615 0.08653846153846154 0.0673076923076923
0 0.7896634615384616 0.3161057692307692 0.036057692307692304 0.06009615384615385
0 0.796875 0.36899038461538464 0.036057692307692304 0.055288461538461536
0 0.8209134615384616 0.3112980769230769 0.036057692307692304 0.055288461538461536
0 0.8497596153846154 0.3088942307692308 0.036057692307692304 0.055288461538461536
0 0.8269230769230769 0.3641826923076923 0.038461538461538464 0.06009615384615385
0 0.8557692307692307 0.3605769230769231 0.03365384615384615 0.057692307692307696
0 0.8834134615384616 0.35697115384615385 0.036057692307692304 0.06009615384615385
0 0.8882211538461539 0.4110576923076923 0.036057692307692304 0.057692307692307696
0 0.7259615384615384 0.49759615384615385 0.038461538461538464 0.057692307692307696
0 0.7355769230769231 0.5552884615384616 0.038461538461538464 0.0625
0 0.7403846153846154 0.6081730769230769 0.038461538461538464 0.0625
0 0.7475961538461539 0.6634615384615384 0.038461538461538464 0.057692307692307696
0 0.75 0.4326923076923077 0.038461538461538464 0.0625
0 0.7572115384615384 0.49038461538461536 0.038461538461538464 0.0625
0 0.7644230769230769 0.5492788461538461 0.038461538461538464 0.06009615384615385
0 0.7716346153846154 0.6057692307692307 0.038461538461538464 0.0625
0 0.7776442307692307 0.6622596153846154 0.040865384615384616 0.06490384615384616
0 0.78125 0.43149038461538464 0.038461538461538464 0.06009615384615385
0 0.7872596153846154 0.48677884615384615 0.036057692307692304 0.06009615384615385
0 0.7944711538461539 0.5432692307692307 0.036057692307692304 0.0625
0 0.8016826923076923 0.6009615384615384 0.036057692307692304 0.0625
0 0.8064903846153846 0.6574519230769231 0.036057692307692304 0.06009615384615385
0 0.8137019230769231 0.4423076923076923 0.036057692307692304 0.0625
0 0.8185096153846154 0.49759615384615385 0.036057692307692304 0.057692307692307696
0 0.8269230769230769 0.5480769230769231 0.038461538461538464 0.057692307692307696
0 0.8317307692307693 0.5985576923076923 0.038461538461538464 0.057692307692307696
0 0.8365384615384616 0.6514423076923077 0.038461538461538464 0.057692307692307696
0 0.8413461538461539 0.4411057692307692 0.038461538461538464 0.06009615384615385
0 0.8485576923076923 0.49399038461538464 0.038461538461538464 0.06009615384615385
0 0.8557692307692307 0.5456730769230769 0.038461538461538464 0.057692307692307696
0 0.8617788461538461 0.5949519230769231 0.036057692307692304 0.055288461538461536
0 0.8689903846153846 0.6490384615384616 0.036057692307692304 0.057692307692307696
0 0.8737980769230769 0.4375 0.036057692307692304 0.057692307692307696
0 0.8786057692307693 0.4879807692307692 0.036057692307692304 0.057692307692307696
0 0.8834134615384616 0.5396634615384616 0.036057692307692304 0.06009615384615385
0 0.890625 0.5925480769230769 0.036057692307692304 0.055288461538461536
0 0.8978365384615384 0.640625 0.036057692307692304 0.055288461538461536