0 0.06370192307692307 0.43149038461538464 0.021634615384615384 0.03125
0 0.06850961538461539 0.46033653846153844 0.021634615384615384 0.036057692307692304
0 0.06971153846153846 0.4891826923076923 0.019230769230769232 0.036057692307692304
0 0.07451923076923077 0.5192307692307693 0.019230769230769232 0.038461538461538464
0 0.09014423076923077 0.42908653846153844 0.036057692307692304 0.036057692307692304
0 0.09254807692307693 0.46033653846153844 0.036057692307692304 0.036057692307692304
0 0.09735576923076923 0.4951923076923077 0.036057692307692304 0.038461538461538464
0 0.09975961538461539 0.5228365384615384 0.036057692307692304 0.036057692307692304
0 0.11538461538461539 0.4266826923076923 0.02403846153846154 0.036057692307692304
0 0.13341346153846154 0.42427884615384615 0.021634615384615384 0.03125
0 0.12139423076923077 0.46634615384615385 0.021634615384615384 0.038461538461538464
0 0.125 0.5012019230769231 0.02403846153846154 0.040865384615384616
0 0.12980769230769232 0.5324519230769231 0.02403846153846154 0.040865384615384616
0 0.14182692307692307 0.4639423076923077 0.028846153846153848 0.04326923076923077
0 0.14543269230769232 0.5012019230769231 0.026442307692307692 0.040865384615384616
0 0.1502403846153846 0.5360576923076923 0.026442307692307692 0.04326923076923077
0 0.1658653846153846 0.3942307692307692 0.04326923076923077 0.04326923076923077
0 0.17067307692307693 0.42788461538461536 0.04326923076923077 0.04326923076923077
0 0.16346153846153846 0.46634615384615385 0.028846153846153848 0.04326923076923077
0 0.16947115384615385 0.5048076923076923 0.026442307692307692 0.04326923076923077
0 0.17307692307692307 0.5432692307692307 0.028846153846153848 0.04807692307692308
0 0.1971153846153846 0.3942307692307692 0.028846153846153848 0.038461538461538464
0 0.20192307692307693 0.43149038461538464 0.02403846153846154 0.036057692307692304
0 0.19951923076923078 0.4675480769230769 0.04807692307692308 0.04567307692307692
0 0.20192307692307693 0.5084134615384616 0.04807692307692308 0.05048076923076923
0 0.20432692307692307 0.5444711538461539 0.04807692307692308 0.05048076923076923
0 0.2439903846153846 0.39783653846153844 0.05048076923076923 0.05048076923076923
0 0.24639423076923078 0.4387019230769231 0.05048076923076923 0.05048076923076923
0 0.2439903846153846 0.48197115384615385 0.03125 0.04567307692307692
0 0.24639423076923078 0.5204326923076923 0.03125 0.04567307692307692
0 0.2512019230769231 0.5600961538461539 0.03125 0.04326923076923077
0 0.27163461538461536 0.4795673076923077 0.03365384615384615 0.05048076923076923
0 0.27283653846153844 0.5228365384615384 0.036057692307692304 0.05048076923076923
0 0.2776442307692308 0.5637019230769231 0.036057692307692304 0.055288461538461536
0 0.29447115384615385 0.39663461538461536 0.036057692307692304 0.04807692307692308
0 0.2980769230769231 0.4387019230769231 0.038461538461538464 0.05048076923076923
0 0.30288461538461536 0.484375 0.038461538461538464 0.055288461538461536
0 0.30528846153846156 0.5276442307692307 0.038461538461538464 0.055288461538461536
0 0.3112980769230769 0.5709134615384616 0.036057692307692304 0.055288461538461536
0 0.3581730769230769 0.3485576923076923 0.0625 0.057692307692307696
0 0.33653846153846156 0.39903846153846156 0.057692307692307696 0.04807692307692308
0 0.34134615384615385 0.4423076923076923 0.057692307692307696 0.052884615384615384
0 0.34615384615384615 0.4855769230769231 0.0625 0.057692307692307696
0 0.35096153846153844 0.5336538461538461 0.0625 0.0625
0 0.3473557692307692 0.5817307692307693 0.04567307692307692 0.057692307692307696
0 0.3786057692307692 0.39302884615384615 0.03125 0.04567307692307692
0 0.38221153846153844 0.4387019230769231 0.03365384615384615 0.05048076923076923
0 0.4254807692307692 0.41947115384615385 0.0673076923076923 0.055288461538461536
0 0.43028846153846156 0.4651442307692308 0.0673076923076923 0.06490384615384616
0 0.4338942307692308 0.5132211538461539 0.06971153846153846 0.06009615384615385
0 0.4375 0.5564903846153846 0.0673076923076923 0.06009615384615385
0 0.44471153846153844 0.36899038461538464 0.0673076923076923 0.055288461538461536
0 0.4675480769230769 0.41346153846153844 0.03125 0.04807692307692308
0 0.4423076923076923 0.6021634615384616 0.0673076923076923 0.06490384615384616
0 0.4723557692307692 0.45913461538461536 0.03125 0.04807692307692308
0 0.47716346153846156 0.5048076923076923 0.03125 0.04807692307692308
0 0.48197115384615385 0.5552884615384616 0.03125 0.04807692307692308
0 0.48677884615384615 0.5997596153846154 0.03125 0.05048076923076923
0 0.4891826923076923 0.3581730769230769 0.03125 0.04326923076923077
0 0.5180288461538461 0.35336538461538464 0.03125 0.04326923076923077
0 0.5444711538461539 0.35096153846153844 0.03125 0.038461538461538464
0 0.5180288461538461 0.40384615384615385 0.07932692307692307 0.0673076923076923
0 0.5216346153846154 0.45913461538461536 0.07692307692307693 0.0673076923076923
0 0.5276442307692307 0.5132211538461539 0.07932692307692307 0.06971153846153846
0 0.5324519230769231 0.5649038461538461 0.07932692307692307 0.07211538461538461
0 0.5384615384615384 0.6201923076923077 0.07692307692307693 0.07692307692307693
0 0.5697115384615384 0.40024038461538464 0.038461538461538464 0.06009615384615385
0 0.5745192307692307 0.4543269230769231 0.038461538461538464 0.0625
0 0.5757211538461539 0.5096153846153846 0.036057692307692304 0.0625
0 0.5817307692307693 0.5661057692307693 0.038461538461538464 0.06009615384615385
0 0.5877403846153846 0.6213942307692307 0.036057692307692304 0.06009615384615385
0 0.5961538461538461 0.3425480769230769 0.08173076923076923 0.06490384615384616
0 0.5961538461538461 0.3954326923076923 0.03365384615384615 0.055288461538461536
0 0.6021634615384616 0.4519230769230769 0.036057692307692304 0.057692307692307696
0 0.6081730769230769 0.5060096153846154 0.038461538461538464 0.06009615384615385
0 0.6129807692307693 0.5637019230769231 0.038461538461538464 0.06009615384615385
0 0.6177884615384616 0.6189903846153846 0.038461538461538464 0.06009615384615385
0 0.6237980769230769 0.39783653846153844 0.036057692307692304 0.06009615384615385
0 0.6490384615384616 0.3401442307692308 0.038461538461538464 0.06009615384615385
0 0.6538461538461539 0.3942307692307692 0.038461538461538464 0.057692307692307696
0 0.6790865384615384 0.34615384615384615 0.03125 0.04807692307692308
0 0.6862980769230769 0.390625 0.036057692307692304 0.05048076923076923
0 0.6670673076923077 0.4519230769230769 0.0889423076923077 0.07211538461538461
0 0.671875 0.5048076923076923 0.0889423076923077 0.07211538461538461
0 0.6766826923076923 0.5552884615384616 0.0889423076923077 0.07211538461538461
0 0.6814903846153846 0.6069711538461539 0.0889423076923077 0.07932692307692307
0 0.6875 0.6646634615384616 0.09134615384615384 0.08413461538461539
0 0.7211538461538461 0.44711538461538464 0.038461538461538464 0.0625
0 0.7415865384615384 0.328125 0.08413461538461539 0.06490384615384616
0 0.7475961538461539 0.38100961538461536 0.08653846153846154 0.06490384615384616
0 0.7944711538461539 0.3233173076923077 0.036057692307692304 0.06009615384615385
0 0.7992788461538461 0.3737980769230769 0.036057692307692304 0.055288461538461536
0 0.8233173076923077 0.31850961538461536 0.036057692307692304 0.055288461538461536
0 0.8521634615384616 0.3161057692307692 0.036057692307692304 0.055288461538461536
0 0.8293269230769231 0.3713942307692308 0.038461538461538464 0.06009615384615385
0 0.8581730769230769 0.36538461538461536 0.03365384615384615 0.057692307692307696
0 0.8858173076923077 0.3641826923076923 0.036057692307692304 0.06009615384615385
0 0.890625 0.4182692307692308 0.036057692307692304 0.057692307692307696
0 0.7259615384615384 0.5024038461538461 0.038461538461538464 0.057692307692307696
0 0.7331730769230769 0.5576923076923077 0.038461538461538464 0.0625
0 0.7379807692307693 0.6129807692307693 0.038461538461538464 0.0625
0 0.7451923076923077 0.6682692307692307 0.038461538461538464 0.057692307692307696
0 0.7524038461538461 0.4375 0.038461538461538464 0.0625
0 0.7572115384615384 0.4951923076923077 0.038461538461538464 0.0625
0 0.7644230769230769 0.5516826923076923 0.038461538461538464 0.06009615384615385
0 0.7692307692307693 0.6105769230769231 0.038461538461538464 0.0625
0 0.7752403846153846 0.6682692307692307 0.040865384615384616 0.0625
0 0.78125 0.4362980769230769 0.038461538461538464 0.06009615384615385
0 0.7872596153846154 0.49158653846153844 0.036057692307692304 0.06009615384615385
0 0.7920673076923077 0.5480769230769231 0.036057692307692304 0.0625
0 0.7992788461538461 0.6057692307692307 0.036057692307692304 0.0625
0 0.8040865384615384 0.6622596153846154 0.036057692307692304 0.06009615384615385
0 0.8137019230769231 0.44711538461538464 0.036057692307692304 0.0625
0 0.8185096153846154 0.5024038461538461 0.036057692307692304 0.057692307692307696
0 0.8245192307692307 0.5552884615384616 0.038461538461538464 0.057692307692307696
0 0.8293269230769231 0.6057692307692307 0.038461538461538464 0.057692307692307696
0 0.8341346153846154 0.6586538461538461 0.038461538461538464 0.057692307692307696
0 0.84375 0.44591346153846156 0.038461538461538464 0.06009615384615385
0 0.8485576923076923 0.4987980769230769 0.038461538461538464 0.06009615384615385
0 0.8557692307692307 0.5504807692307693 0.038461538461538464 0.057692307692307696
0 0.859375 0.6021634615384616 0.036057692307692304 0.055288461538461536
0 0.8665865384615384 0.6538461538461539 0.036057692307692304 0.057692307692307696
0 0.8737980769230769 0.4423076923076923 0.036057692307692304 0.057692307692307696
0 0.8786057692307693 0.4951923076923077 0.036057692307692304 0.057692307692307696
0 0.8834134615384616 0.546875 0.036057692307692304 0.06009615384615385
0 0.8882211538461539 0.5997596153846154 0.036057692307692304 0.055288461538461536
0 0.8930288461538461 0.6454326923076923 0.036057692307692304 0.055288461538461536