0 0.8088942307692307 0.6899038461538461 0.38221153846153844 0.40865384615384615
0 0.7872596153846154 0.8389423076923077 0.37740384615384615 0.32211538461538464
0 0.5877403846153846 0.5240384615384616 0.36778846153846156 0.25961538461538464
0 0.5697115384615384 0.6586538461538461 0.18269230769230768 0.15865384615384615
0 0.46033653846153844 0.6009615384615384 0.0889423076923077 0.1201923076923077
0 0.34375 0.4182692307692308 0.23557692307692307 0.15865384615384615
0 0.3557692307692308 0.5072115384615384 0.15865384615384615 0.09615384615384616
0 0.26322115384615385 0.47716346153846156 0.06009615384615385 0.07451923076923077
0 0.19471153846153846 0.36177884615384615 0.1875 0.12259615384615384
0 0.19471153846153846 0.43028846153846156 0.10096153846153846 0.0625
0 0.12860576923076922 0.4110576923076923 0.05048076923076923 0.052884615384615384
0 0.07091346153846154 0.38341346153846156 0.0889423076923077 0.055288461538461536
0 0.07932692307692307 0.328125 0.12980769230769232 0.09375