0 0.8004807692307693 0.7067307692307693 0.39903846153846156 0.4230769230769231
0 0.7680288461538461 0.84375 0.3918269230769231 0.3125
0 0.5853365384615384 0.5300480769230769 0.37740384615384615 0.2764423076923077
0 0.5612980769230769 0.6622596153846154 0.18990384615384615 0.1658653846153846
0 0.4543269230769231 0.5997596153846154 0.09615384615384616 0.12259615384615384
0 0.3485576923076923 0.4110576923076923 0.2403846153846154 0.16826923076923078
0 0.3557692307692308 0.5012019230769231 0.16346153846153846 0.10336538461538461
0 0.26322115384615385 0.4639423076923077 0.06490384615384616 0.07692307692307693
0 0.20072115384615385 0.3473557692307692 0.18990384615384615 0.13221153846153846
0 0.19831730769230768 0.41346153846153844 0.10336538461538461 0.0673076923076923
0 0.1346153846153846 0.39302884615384615 0.052884615384615384 0.055288461538461536
0 0.07932692307692307 0.3605769230769231 0.09134615384615384 0.057692307692307696
0 0.08774038461538461 0.3076923076923077 0.13221153846153846 0.10096153846153846