0 0.44350961538461536 0.47115384615384615 0.18509615384615385 0.19230769230769232
0 0.34375 0.47716346153846156 0.052884615384615384 0.12740384615384615
0 0.3076923076923077 0.4723557692307692 0.08173076923076923 0.14182692307692307
0 0.2668269230769231 0.47475961538461536 0.04326923076923077 0.10817307692307693
0 0.23918269230769232 0.4735576923076923 0.05048076923076923 0.10576923076923077
0 0.21514423076923078 0.47475961538461536 0.036057692307692304 0.0889423076923077
0 0.19471153846153846 0.4675480769230769 0.04326923076923077 0.09375
0 0.16105769230769232 0.4651442307692308 0.038461538461538464 0.08413461538461539
0 0.13942307692307693 0.4639423076923077 0.028846153846153848 0.0673076923076923
0 0.125 0.46634615384615385 0.019230769230769232 0.0625
0 0.10817307692307693 0.4651442307692308 0.019230769230769232 0.055288461538461536
0 0.09975961538461539 0.4675480769230769 0.01201923076923077 0.05048076923076923
0 0.09254807692307693 0.46634615384615385 0.016826923076923076 0.04807692307692308
0 0.08413461538461539 0.46875 0.014423076923076924 0.04807692307692308
0 0.078125 0.4651442307692308 0.01201923076923077 0.04567307692307692
0 0.07091346153846154 0.4675480769230769 0.01201923076923077 0.04567307692307692
0 0.06370192307692307 0.4675480769230769 0.01201923076923077 0.036057692307692304