0 0.44350961538461536 0.4699519230769231 0.18990384615384615 0.19471153846153846
0 0.3449519230769231 0.4723557692307692 0.055288461538461536 0.12740384615384615
0 0.31009615384615385 0.4639423076923077 0.08653846153846154 0.14423076923076922
0 0.26802884615384615 0.4651442307692308 0.04567307692307692 0.10817307692307693
0 0.23918269230769232 0.4651442307692308 0.055288461538461536 0.10817307692307693
0 0.21634615384615385 0.4651442307692308 0.038461538461538464 0.0889423076923077
0 0.19591346153846154 0.45552884615384615 0.04567307692307692 0.09375
0 0.1622596153846154 0.453125 0.040865384615384616 0.08413461538461539
0 0.140625 0.4519230769230769 0.03125 0.0673076923076923
0 0.12620192307692307 0.4519230769230769 0.021634615384615384 0.0625
0 0.109375 0.45072115384615385 0.021634615384615384 0.055288461538461536
0 0.09975961538461539 0.453125 0.01201923076923077 0.05048076923076923
0 0.09375 0.4519230769230769 0.019230769230769232 0.04807692307692308
0 0.08413461538461539 0.4543269230769231 0.014423076923076924 0.04807692307692308
0 0.07932692307692307 0.45072115384615385 0.014423076923076924 0.04567307692307692
0 0.07211538461538461 0.453125 0.014423076923076924 0.04567307692307692
0 0.06610576923076923 0.45072115384615385 0.01201923076923077 0.036057692307692304