0 0.08173076923076923 0.3557692307692308 0.04326923076923077 0.019230769230769232
0 0.07932692307692307 0.36899038461538464 0.04326923076923077 0.016826923076923076
0 0.07572115384615384 0.3798076923076923 0.040865384615384616 0.019230769230769232
0 0.0733173076923077 0.3918269230769231 0.040865384615384616 0.019230769230769232
0 0.07091346153846154 0.40625 0.040865384615384616 0.019230769230769232
0 0.1141826923076923 0.39663461538461536 0.040865384615384616 0.019230769230769232
0 0.11177884615384616 0.4098557692307692 0.040865384615384616 0.021634615384615384
0 0.15745192307692307 0.39302884615384615 0.040865384615384616 0.016826923076923076
0 0.15264423076923078 0.40384615384615385 0.040865384615384616 0.019230769230769232
0 0.15264423076923078 0.4182692307692308 0.040865384615384616 0.019230769230769232
0 0.1622596153846154 0.38100961538461536 0.036057692307692304 0.016826923076923076
0 0.20432692307692307 0.37259615384615385 0.04326923076923077 0.019230769230769232
0 0.19951923076923078 0.3858173076923077 0.04326923076923077 0.016826923076923076
0 0.1971153846153846 0.39663461538461536 0.04326923076923077 0.019230769230769232
0 0.1971153846153846 0.40865384615384615 0.04326923076923077 0.019230769230769232
0 0.19230769230769232 0.42427884615384615 0.04326923076923077 0.021634615384615384
0 0.2932692307692308 0.38221153846153844 0.04326923076923077 0.019230769230769232
0 0.29086538461538464 0.3942307692307692 0.04326923076923077 0.019230769230769232
0 0.28846153846153844 0.4110576923076923 0.04326923076923077 0.019230769230769232
0 0.2848557692307692 0.4230769230769231 0.040865384615384616 0.019230769230769232
0 0.2848557692307692 0.4362980769230769 0.040865384615384616 0.021634615384615384
0 0.33052884615384615 0.40024038461538464 0.040865384615384616 0.016826923076923076
0 0.33052884615384615 0.41346153846153844 0.040865384615384616 0.019230769230769232
0 0.328125 0.42788461538461536 0.040865384615384616 0.019230769230769232
0 0.32572115384615385 0.4411057692307692 0.040865384615384616 0.021634615384615384
0 0.34615384615384615 0.390625 0.03365384615384615 0.016826923076923076
0 0.3798076923076923 0.3954326923076923 0.038461538461538464 0.016826923076923076
0 0.3737980769230769 0.4050480769230769 0.04567307692307692 0.021634615384615384
0 0.3713942307692308 0.421875 0.04567307692307692 0.021634615384615384
0 0.3713942307692308 0.4326923076923077 0.040865384615384616 0.019230769230769232
0 0.36658653846153844 0.4483173076923077 0.040865384615384616 0.021634615384615384
0 0.4182692307692308 0.4014423076923077 0.04326923076923077 0.019230769230769232
0 0.41586538461538464 0.4110576923076923 0.04326923076923077 0.019230769230769232
0 0.41466346153846156 0.42788461538461536 0.040865384615384616 0.019230769230769232
0 0.4110576923076923 0.4423076923076923 0.04326923076923077 0.019230769230769232
0 0.40865384615384615 0.4567307692307692 0.04326923076923077 0.019230769230769232
0 0.45913461538461536 0.40865384615384615 0.04326923076923077 0.019230769230769232
0 0.45913461538461536 0.4182692307692308 0.04326923076923077 0.019230769230769232
0 0.4567307692307692 0.4338942307692308 0.04326923076923077 0.021634615384615384
0 0.4543269230769231 0.44471153846153844 0.04326923076923077 0.019230769230769232
0 0.4519230769230769 0.45913461538461536 0.04326923076923077 0.019230769230769232
0 0.5036057692307693 0.41586538461538464 0.040865384615384616 0.019230769230769232
0 0.5 0.42788461538461536 0.04326923076923077 0.019230769230769232
0 0.5 0.4423076923076923 0.04326923076923077 0.019230769230769232
0 0.4987980769230769 0.4543269230769231 0.04567307692307692 0.019230769230769232
0 0.49759615384615385 0.4675480769230769 0.04326923076923077 0.016826923076923076
0 0.5444711538461539 0.4230769230769231 0.04567307692307692 0.019230769230769232
0 0.5456730769230769 0.4338942307692308 0.04326923076923077 0.016826923076923076
0 0.5432692307692307 0.44711538461538464 0.04326923076923077 0.019230769230769232
0 0.5408653846153846 0.46153846153846156 0.04326923076923077 0.019230769230769232
0 0.5384615384615384 0.47596153846153844 0.04326923076923077 0.019230769230769232
0 0.5925480769230769 0.4254807692307692 0.04567307692307692 0.019230769230769232
0 0.5913461538461539 0.43990384615384615 0.04326923076923077 0.019230769230769232
0 0.5889423076923077 0.4543269230769231 0.04326923076923077 0.019230769230769232
0 0.5865384615384616 0.4675480769230769 0.04326923076923077 0.016826923076923076
0 0.5841346153846154 0.4807692307692308 0.04326923076923077 0.019230769230769232
0 0.6334134615384616 0.44711538461538464 0.04567307692307692 0.019230769230769232
0 0.6298076923076923 0.4579326923076923 0.04326923076923077 0.016826923076923076
0 0.6286057692307693 0.47475961538461536 0.04567307692307692 0.021634615384615384
0 0.6262019230769231 0.48677884615384615 0.04567307692307692 0.021634615384615384
0 0.6778846153846154 0.4519230769230769 0.04807692307692308 0.02403846153846154
0 0.6754807692307693 0.4651442307692308 0.04807692307692308 0.021634615384615384
0 0.6730769230769231 0.4795673076923077 0.04807692307692308 0.021634615384615384
0 0.6706730769230769 0.4951923076923077 0.04807692307692308 0.02403846153846154
0 0.7524038461538461 0.4807692307692308 0.02403846153846154 0.014423076923076924
0 0.75 0.49158653846153844 0.02403846153846154 0.016826923076923076
0 0.7451923076923077 0.5060096153846154 0.02403846153846154 0.016826923076923076
0 0.7752403846153846 0.4831730769230769 0.026442307692307692 0.014423076923076924
0 0.7728365384615384 0.4963942307692308 0.026442307692307692 0.016826923076923076
0 0.7704326923076923 0.5084134615384616 0.026442307692307692 0.016826923076923076
0 0.7956730769230769 0.4855769230769231 0.019230769230769232 0.014423076923076924
0 0.8100961538461539 0.5012019230769231 0.04807692307692308 0.021634615384615384
0 0.8064903846153846 0.5144230769230769 0.05048076923076923 0.02403846153846154
0 0.8461538461538461 0.4963942307692308 0.028846153846153848 0.016826923076923076
0 0.8413461538461539 0.5060096153846154 0.028846153846153848 0.016826923076923076
0 0.8389423076923077 0.5192307692307693 0.019230769230769232 0.014423076923076924
0 0.8798076923076923 0.5012019230769231 0.038461538461538464 0.016826923076923076
0 0.8689903846153846 0.5108173076923077 0.021634615384615384 0.01201923076923077