0 0.06490384615384616 0.4230769230769231 0.04326923076923077 0.014423076923076924
0 0.06490384615384616 0.4362980769230769 0.04326923076923077 0.01201923076923077
0 0.06370192307692307 0.44711538461538464 0.040865384615384616 0.014423076923076924
0 0.06129807692307692 0.45913461538461536 0.040865384615384616 0.014423076923076924
0 0.0625 0.4735576923076923 0.038461538461538464 0.014423076923076924
0 0.10216346153846154 0.45913461538461536 0.040865384615384616 0.014423076923076924
0 0.10336538461538461 0.4723557692307692 0.038461538461538464 0.016826923076923076
0 0.14302884615384615 0.4483173076923077 0.040865384615384616 0.01201923076923077
0 0.14302884615384615 0.45913461538461536 0.040865384615384616 0.014423076923076924
0 0.14302884615384615 0.4735576923076923 0.040865384615384616 0.014423076923076924
0 0.1466346153846154 0.4362980769230769 0.03365384615384615 0.01201923076923077
0 0.1875 0.4206730769230769 0.04326923076923077 0.014423076923076924
0 0.18509615384615385 0.4338942307692308 0.04326923076923077 0.01201923076923077
0 0.18509615384615385 0.44711538461538464 0.04326923076923077 0.014423076923076924
0 0.18509615384615385 0.45913461538461536 0.04326923076923077 0.014423076923076924
0 0.18509615384615385 0.4723557692307692 0.04326923076923077 0.016826923076923076
0 0.2764423076923077 0.41586538461538464 0.04326923076923077 0.014423076923076924
0 0.2764423076923077 0.42788461538461536 0.04326923076923077 0.014423076923076924
0 0.2764423076923077 0.44471153846153844 0.04326923076923077 0.014423076923076924
0 0.27524038461538464 0.45913461538461536 0.040865384615384616 0.014423076923076924
0 0.2776442307692308 0.4699519230769231 0.040865384615384616 0.016826923076923076
0 0.31850961538461536 0.42908653846153844 0.040865384615384616 0.01201923076923077
0 0.31850961538461536 0.4423076923076923 0.040865384615384616 0.014423076923076924
0 0.31850961538461536 0.4567307692307692 0.040865384615384616 0.014423076923076924
0 0.31850961538461536 0.4699519230769231 0.040865384615384616 0.016826923076923076
0 0.3293269230769231 0.41466346153846156 0.03365384615384615 0.01201923076923077
0 0.36658653846153844 0.41466346153846156 0.036057692307692304 0.01201923076923077
0 0.359375 0.42788461538461536 0.04567307692307692 0.014423076923076924
0 0.359375 0.4423076923076923 0.04567307692307692 0.014423076923076924
0 0.36177884615384615 0.4543269230769231 0.040865384615384616 0.014423076923076924
0 0.36177884615384615 0.4699519230769231 0.040865384615384616 0.016826923076923076
0 0.40384615384615385 0.41346153846153844 0.04326923076923077 0.014423076923076924
0 0.40384615384615385 0.4254807692307692 0.04326923076923077 0.014423076923076924
0 0.4026442307692308 0.4423076923076923 0.040865384615384616 0.014423076923076924
0 0.40384615384615385 0.4567307692307692 0.04326923076923077 0.014423076923076924
0 0.40384615384615385 0.47115384615384615 0.04326923076923077 0.014423076923076924
0 0.44711538461538464 0.41586538461538464 0.04326923076923077 0.014423076923076924
0 0.44711538461538464 0.4254807692307692 0.04326923076923077 0.014423076923076924
0 0.44711538461538464 0.4411057692307692 0.04326923076923077 0.016826923076923076
0 0.44711538461538464 0.4543269230769231 0.04326923076923077 0.014423076923076924
0 0.44711538461538464 0.46875 0.04326923076923077 0.014423076923076924
0 0.4891826923076923 0.41586538461538464 0.040865384615384616 0.014423076923076924
0 0.49038461538461536 0.43028846153846156 0.04326923076923077 0.014423076923076924
0 0.49038461538461536 0.44471153846153844 0.04326923076923077 0.014423076923076924
0 0.49158653846153844 0.45552884615384615 0.04567307692307692 0.01201923076923077
0 0.49278846153846156 0.4699519230769231 0.04326923076923077 0.01201923076923077
0 0.5324519230769231 0.4170673076923077 0.04567307692307692 0.01201923076923077
0 0.5336538461538461 0.42908653846153844 0.04326923076923077 0.01201923076923077
0 0.5336538461538461 0.4423076923076923 0.04326923076923077 0.014423076923076924
0 0.5336538461538461 0.4567307692307692 0.04326923076923077 0.014423076923076924
0 0.5336538461538461 0.47115384615384615 0.04326923076923077 0.014423076923076924
0 0.5805288461538461 0.41225961538461536 0.04567307692307692 0.01201923076923077
0 0.5793269230769231 0.42788461538461536 0.04326923076923077 0.014423076923076924
0 0.5793269230769231 0.43990384615384615 0.04326923076923077 0.014423076923076924
0 0.5793269230769231 0.45552884615384615 0.04326923076923077 0.01201923076923077
0 0.5817307692307693 0.46875 0.04326923076923077 0.014423076923076924
0 0.6237980769230769 0.4266826923076923 0.04567307692307692 0.01201923076923077
0 0.6225961538461539 0.4387019230769231 0.04326923076923077 0.01201923076923077
0 0.6213942307692307 0.4543269230769231 0.04567307692307692 0.014423076923076924
0 0.6237980769230769 0.46875 0.04567307692307692 0.014423076923076924
0 0.6670673076923077 0.4266826923076923 0.04567307692307692 0.016826923076923076
0 0.6670673076923077 0.43990384615384615 0.04567307692307692 0.014423076923076924
0 0.6670673076923077 0.4543269230769231 0.04567307692307692 0.014423076923076924
0 0.6694711538461539 0.4699519230769231 0.04567307692307692 0.016826923076923076
0 0.7463942307692307 0.4411057692307692 0.021634615384615384 0.01201923076923077
0 0.7439903846153846 0.4519230769230769 0.021634615384615384 0.014423076923076924
0 0.7439903846153846 0.46634615384615385 0.021634615384615384 0.014423076923076924
0 0.7692307692307693 0.4411057692307692 0.02403846153846154 0.01201923076923077
0 0.7692307692307693 0.4543269230769231 0.02403846153846154 0.014423076923076924
0 0.7692307692307693 0.46634615384615385 0.02403846153846154 0.014423076923076924
0 0.7884615384615384 0.4411057692307692 0.019230769230769232 0.01201923076923077
0 0.8040865384615384 0.4519230769230769 0.04567307692307692 0.014423076923076924
0 0.8052884615384616 0.4675480769230769 0.04807692307692308 0.016826923076923076
0 0.8401442307692307 0.4423076923076923 0.026442307692307692 0.014423076923076924
0 0.8377403846153846 0.4519230769230769 0.026442307692307692 0.014423076923076924
0 0.8365384615384616 0.4651442307692308 0.019230769230769232 0.01201923076923077
0 0.8737980769230769 0.44350961538461536 0.036057692307692304 0.01201923076923077
0 0.8641826923076923 0.4519230769230769 0.021634615384615384 0.009615384615384616