0 0.12379807692307693 0.2824519230769231 0.21394230769230768 0.2620192307692308
0 0.2620192307692308 0.26802884615384615 0.15384615384615385 0.28125
0 0.42427884615384615 0.27163461538461536 0.16105769230769232 0.24519230769230768
0 0.5396634615384616 0.2512019230769231 0.20432692307692307 0.2764423076923077
0 0.7115384615384616 0.2536057692307692 0.14903846153846154 0.25721153846153844
0 0.8641826923076923 0.23557692307692307 0.15625 0.2403846153846154
0 0.9591346153846154 0.22956730769230768 0.08173076923076923 0.24278846153846154
0 0.9555288461538461 0.4543269230769231 0.0889423076923077 0.20673076923076922
0 0.8533653846153846 0.4567307692307692 0.13942307692307693 0.21153846153846154
0 0.11057692307692307 0.5252403846153846 0.18269230769230768 0.2283653846153846
0 0.265625 0.5168269230769231 0.17067307692307693 0.22115384615384615
0 0.12740384615384615 0.7644230769230769 0.1778846153846154 0.25
0 0.2764423076923077 0.7524038461538461 0.16346153846153846 0.24519230769230768
0 0.13701923076923078 0.9387019230769231 0.15865384615384615 0.12259615384615384
0 0.2860576923076923 0.9302884615384616 0.15384615384615385 0.1346153846153846
0 0.41586538461538464 0.7752403846153846 0.057692307692307696 0.44471153846153844
0 0.8341346153846154 0.6790865384615384 0.14903846153846154 0.23317307692307693
0 0.9471153846153846 0.65625 0.10576923076923077 0.20192307692307693
0 0.9399038461538461 0.8557692307692307 0.1201923076923077 0.19230769230769232