0 0.8125 0.9711538461538461 0.09615384615384616 0.057692307692307696
0 0.6706730769230769 0.96875 0.11538461538461539 0.0625
0 0.6237980769230769 0.9447115384615384 0.08413461538461539 0.11057692307692307
0 0.38822115384615385 0.9074519230769231 0.12259615384615384 0.13701923076923078
0 0.30649038461538464 0.9158653846153846 0.0889423076923077 0.08653846153846154
0 0.34975961538461536 0.8762019230769231 0.06971153846153846 0.055288461538461536
0 0.3737980769230769 0.8377403846153846 0.13221153846153846 0.06490384615384616
0 0.265625 0.8858173076923077 0.1466346153846154 0.1466346153846154
0 0.203125 0.8786057692307693 0.15625 0.1658653846153846
0 0.15144230769230768 0.8689903846153846 0.11538461538461539 0.14182692307692307
0 0.19591346153846154 0.7463942307692307 0.21394230769230768 0.11778846153846154
0 0.04927884615384615 0.7944711538461539 0.0985576923076923 0.0985576923076923
0 0.026442307692307692 0.7596153846153846 0.052884615384615384 0.08173076923076923
0 0.042067307692307696 0.6923076923076923 0.08413461538461539 0.07211538461538461