0 0.07932692307692307 0.1971153846153846 0.08653846153846154 0.11538461538461539
0 0.06971153846153846 0.2620192307692308 0.08653846153846154 0.10576923076923077
0 0.05889423076923077 0.3269230769230769 0.0889423076923077 0.10576923076923077
0 0.042067307692307696 0.3918269230769231 0.07451923076923077 0.09615384615384616
0 0.18990384615384615 0.08413461538461539 0.125 0.12980769230769232
0 0.17668269230769232 0.15745192307692307 0.12740384615384615 0.12740384615384615
0 0.16466346153846154 0.234375 0.12740384615384615 0.12740384615384615
0 0.15504807692307693 0.30649038461538464 0.12740384615384615 0.11778846153846154
0 0.14182692307692307 0.38100961538461536 0.12980769230769232 0.11298076923076923
0 0.23918269230769232 0.030048076923076924 0.12740384615384615 0.06009615384615385
0 0.2668269230769231 0.0829326923076923 0.057692307692307696 0.08413461538461539
0 0.25240384615384615 0.16105769230769232 0.057692307692307696 0.08653846153846154
0 0.24278846153846154 0.234375 0.057692307692307696 0.08413461538461539
0 0.2283653846153846 0.3125 0.057692307692307696 0.09134615384615384
0 0.21995192307692307 0.3894230769230769 0.05048076923076923 0.07211538461538461
0 0.3161057692307692 0.03125 0.055288461538461536 0.0625
0 0.30528846153846156 0.09735576923076923 0.0625 0.09375
0 0.2932692307692308 0.17067307692307693 0.057692307692307696 0.08653846153846154
0 0.28125 0.24519230769230768 0.057692307692307696 0.09134615384615384
0 0.2692307692307692 0.32211538461538464 0.057692307692307696 0.08653846153846154
0 0.2608173076923077 0.39663461538461536 0.05048076923076923 0.07692307692307693
0 0.3557692307692308 0.038461538461538464 0.057692307692307696 0.07692307692307693
0 0.34375 0.10817307692307693 0.057692307692307696 0.08653846153846154
0 0.33413461538461536 0.18028846153846154 0.057692307692307696 0.08653846153846154
0 0.32091346153846156 0.2536057692307692 0.055288461538461536 0.0889423076923077
0 0.31009615384615385 0.328125 0.057692307692307696 0.0889423076923077
0 0.3076923076923077 0.4110576923076923 0.04807692307692308 0.07692307692307693
0 0.3942307692307692 0.04447115384615385 0.057692307692307696 0.0889423076923077
0 0.38461538461538464 0.11899038461538461 0.057692307692307696 0.09375
0 0.37259615384615385 0.1935096153846154 0.057692307692307696 0.0889423076923077
0 0.3581730769230769 0.2668269230769231 0.057692307692307696 0.09134615384615384
0 0.3485576923076923 0.34134615384615385 0.052884615384615384 0.09134615384615384
0 0.34134615384615385 0.41947115384615385 0.04326923076923077 0.06971153846153846
0 0.43149038461538464 0.057692307692307696 0.055288461538461536 0.09134615384615384
0 0.41947115384615385 0.12980769230769232 0.055288461538461536 0.08653846153846154
0 0.4098557692307692 0.20432692307692307 0.055288461538461536 0.09134615384615384
0 0.39903846153846156 0.27884615384615385 0.057692307692307696 0.09134615384615384
0 0.38461538461538464 0.35096153846153844 0.057692307692307696 0.08653846153846154
0 0.37740384615384615 0.42908653846153844 0.04326923076923077 0.06971153846153846
0 0.46875 0.06971153846153846 0.057692307692307696 0.08653846153846154
0 0.4579326923076923 0.140625 0.055288461538461536 0.08413461538461539
0 0.44711538461538464 0.21394230769230768 0.057692307692307696 0.08653846153846154
0 0.43509615384615385 0.28725961538461536 0.057692307692307696 0.0889423076923077
0 0.42427884615384615 0.359375 0.055288461538461536 0.0889423076923077
0 0.41586538461538464 0.4326923076923077 0.04807692307692308 0.08173076923076923
0 0.5096153846153846 0.08173076923076923 0.04807692307692308 0.08173076923076923
0 0.4963942307692308 0.15144230769230768 0.055288461538461536 0.08653846153846154
0 0.48677884615384615 0.22355769230769232 0.055288461538461536 0.08653846153846154
0 0.47475961538461536 0.2980769230769231 0.055288461538461536 0.08653846153846154
0 0.46153846153846156 0.36899038461538464 0.057692307692307696 0.0889423076923077
0 0.45072115384615385 0.44350961538461536 0.05048076923076923 0.07932692307692307
0 0.5444711538461539 0.09014423076923077 0.05048076923076923 0.0889423076923077
0 0.5336538461538461 0.16105769230769232 0.057692307692307696 0.08653846153846154
0 0.5228365384615384 0.23076923076923078 0.055288461538461536 0.08653846153846154
0 0.5108173076923077 0.3016826923076923 0.055288461538461536 0.0889423076923077
0 0.4987980769230769 0.37740384615384615 0.055288461538461536 0.08653846153846154
0 0.4891826923076923 0.45552884615384615 0.05048076923076923 0.07932692307692307
0 0.5793269230769231 0.09975961538461539 0.052884615384615384 0.08413461538461539
0 0.5673076923076923 0.17067307692307693 0.057692307692307696 0.08653846153846154
0 0.5576923076923077 0.24278846153846154 0.057692307692307696 0.09134615384615384
0 0.5456730769230769 0.3137019230769231 0.057692307692307696 0.0889423076923077
0 0.5360576923076923 0.38341346153846156 0.052884615384615384 0.07932692307692307
0 0.5264423076923077 0.46033653846153844 0.052884615384615384 0.0889423076923077
0 0.6165865384615384 0.11057692307692307 0.055288461538461536 0.08653846153846154
0 0.6081730769230769 0.18269230769230768 0.057692307692307696 0.08653846153846154
0 0.5961538461538461 0.2548076923076923 0.057692307692307696 0.09134615384615384
0 0.5841346153846154 0.32211538461538464 0.057692307692307696 0.09134615384615384
0 0.5697115384615384 0.3942307692307692 0.057692307692307696 0.09134615384615384
0 0.5625 0.4675480769230769 0.052884615384615384 0.0985576923076923
0 0.6538461538461539 0.12139423076923077 0.057692307692307696 0.0889423076923077
0 0.6418269230769231 0.18870192307692307 0.057692307692307696 0.0889423076923077
0 0.6322115384615384 0.2608173076923077 0.057692307692307696 0.0889423076923077
0 0.6201923076923077 0.3317307692307692 0.057692307692307696 0.09134615384615384
0 0.6105769230769231 0.40384615384615385 0.057692307692307696 0.09134615384615384
0 0.5961538461538461 0.47716346153846156 0.052884615384615384 0.0889423076923077
0 0.6850961538461539 0.13221153846153846 0.057692307692307696 0.08653846153846154
0 0.6730769230769231 0.20072115384615385 0.052884615384615384 0.07932692307692307
0 0.6634615384615384 0.2704326923076923 0.057692307692307696 0.0889423076923077
0 0.6514423076923077 0.34134615384615385 0.057692307692307696 0.08653846153846154
0 0.6394230769230769 0.41225961538461536 0.057692307692307696 0.0889423076923077
0 0.6298076923076923 0.4879807692307692 0.052884615384615384 0.08653846153846154
0 0.71875 0.140625 0.052884615384615384 0.08413461538461539
0 0.7067307692307693 0.21033653846153846 0.052884615384615384 0.07932692307692307
0 0.6959134615384616 0.2776442307692308 0.055288461538461536 0.0889423076923077
0 0.6850961538461539 0.35216346153846156 0.057692307692307696 0.0889423076923077
0 0.6754807692307693 0.4230769230769231 0.052884615384615384 0.08653846153846154
0 0.6646634615384616 0.4951923076923077 0.04567307692307692 0.08173076923076923
0 0.7415865384615384 0.21995192307692307 0.05048076923076923 0.08413461538461539
0 0.7319711538461539 0.28725961538461536 0.055288461538461536 0.0889423076923077
0 0.71875 0.35697115384615385 0.052884615384615384 0.08413461538461539
0 0.7103365384615384 0.4266826923076923 0.055288461538461536 0.0889423076923077
0 0.6971153846153846 0.5012019230769231 0.04807692307692308 0.0889423076923077
0 0.7776442307692307 0.22716346153846154 0.05048076923076923 0.07932692307692307
0 0.7692307692307693 0.296875 0.052884615384615384 0.08413461538461539
0 0.7536057692307693 0.3641826923076923 0.05048076923076923 0.08413461538461539
0 0.7439903846153846 0.4362980769230769 0.05048076923076923 0.08413461538461539
0 0.7331730769230769 0.5024038461538461 0.057692307692307696 0.09134615384615384