0 0.5 0.5084134615384616 0.14423076923076922 0.15144230769230768
0 0.41586538461538464 0.4951923076923077 0.08653846153846154 0.11538461538461539
0 0.3641826923076923 0.49038461538461536 0.06971153846153846 0.09615384615384616
0 0.3245192307692308 0.4855769230769231 0.057692307692307696 0.08173076923076923
0 0.29447115384615385 0.4807692307692308 0.04567307692307692 0.07211538461538461
0 0.2692307692307692 0.4795673076923077 0.038461538461538464 0.06490384615384616
0 0.2512019230769231 0.47596153846153844 0.03125 0.057692307692307696
0 0.23317307692307693 0.4723557692307692 0.028846153846153848 0.05048076923076923
0 0.22115384615384615 0.4699519230769231 0.02403846153846154 0.04567307692307692
0 0.18990384615384615 0.46634615384615385 0.019230769230769232 0.038461538461538464
0 0.1778846153846154 0.4651442307692308 0.02403846153846154 0.036057692307692304