0 0.5048076923076923 0.5084134615384616 0.1346153846153846 0.14182692307692307
0 0.4182692307692308 0.5264423076923077 0.07692307692307693 0.11057692307692307
0 0.3701923076923077 0.5420673076923077 0.0625 0.09375
0 0.3329326923076923 0.5540865384615384 0.05048076923076923 0.07932692307692307
0 0.3004807692307692 0.5612980769230769 0.038461538461538464 0.06971153846153846
0 0.2776442307692308 0.5673076923076923 0.03125 0.0625
0 0.25841346153846156 0.5709134615384616 0.026442307692307692 0.055288461538461536
0 0.24278846153846154 0.5733173076923077 0.02403846153846154 0.05048076923076923
0 0.23197115384615385 0.578125 0.021634615384615384 0.04567307692307692
0 0.19951923076923078 0.5853365384615384 0.014423076923076924 0.036057692307692304
0 0.1875 0.5889423076923077 0.019230769230769232 0.03365384615384615