0 0.8641826923076923 0.234375 0.18028846153846154 0.10336538461538461
0 0.859375 0.2860576923076923 0.18509615384615385 0.11057692307692307
0 0.8918269230769231 0.3401442307692308 0.11057692307692307 0.08413461538461539
0 0.9050480769230769 0.3894230769230769 0.11298076923076923 0.08653846153846154
0 0.8028846153846154 0.36658653846153844 0.10096153846153846 0.07932692307692307
0 0.8137019230769231 0.4182692307692308 0.0985576923076923 0.07692307692307693
0 0.6706730769230769 0.3545673076923077 0.18269230769230768 0.11298076923076923
0 0.6826923076923077 0.4050480769230769 0.1778846153846154 0.10336538461538461
0 0.6911057692307693 0.45072115384615385 0.17548076923076922 0.10336538461538461
0 0.5757211538461539 0.49038461538461536 0.08413461538461539 0.07211538461538461
0 0.5456730769230769 0.4543269230769231 0.13942307692307693 0.09134615384615384