0 0.9026442307692307 0.3016826923076923 0.17067307692307693 0.07451923076923077
0 0.890625 0.35096153846153844 0.17548076923076922 0.08173076923076923
0 0.9134615384615384 0.4098557692307692 0.10096153846153846 0.06971153846153846
0 0.9170673076923077 0.46033653846153844 0.10336538461538461 0.06971153846153846
0 0.8221153846153846 0.421875 0.09134615384615384 0.06490384615384616
0 0.8233173076923077 0.47475961538461536 0.0889423076923077 0.06490384615384616
0 0.6947115384615384 0.38461538461538464 0.17307692307692307 0.08653846153846154
0 0.6971153846153846 0.4362980769230769 0.16826923076923078 0.07451923076923077
0 0.6983173076923077 0.484375 0.1658653846153846 0.07451923076923077
0 0.5769230769230769 0.5024038461538461 0.07692307692307693 0.0625
0 0.5528846153846154 0.46033653846153844 0.12980769230769232 0.06971153846153846