0 0.12620192307692307 0.6598557692307693 0.25240384615384615 0.5600961538461539
0 0.07211538461538461 0.24639423076923078 0.09615384615384616 0.19951923076923078
0 0.19471153846153846 0.4735576923076923 0.2692307692307692 0.3701923076923077
0 0.22716346153846154 0.7019230769230769 0.13221153846153846 0.375
0 0.30528846153846156 0.5420673076923077 0.08173076923076923 0.24278846153846154
0 0.2776442307692308 0.38100961538461536 0.19471153846153846 0.27163461538461536
0 0.3317307692307692 0.30649038461538464 0.14903846153846154 0.22355769230769232
0 0.34975961538461536 0.4387019230769231 0.06490384615384616 0.17548076923076922
0 0.26322115384615385 0.15865384615384615 0.08413461538461539 0.10576923076923077
0 0.29927884615384615 0.14783653846153846 0.07451923076923077 0.10336538461538461
0 0.09375 0.1201923076923077 0.07211538461538461 0.10096153846153846
0 0.13942307692307693 0.11658653846153846 0.09134615384615384 0.10817307692307693
0 0.19110576923076922 0.11057692307692307 0.06971153846153846 0.08653846153846154
0 0.22956730769230768 0.09975961538461539 0.06971153846153846 0.07932692307692307
0 0.28846153846153844 0.08413461538461539 0.04807692307692308 0.04326923076923077
0 0.2668269230769231 0.09615384615384616 0.038461538461538464 0.052884615384615384
0 0.31490384615384615 0.0889423076923077 0.028846153846153848 0.038461538461538464
0 0.328125 0.08774038461538461 0.03125 0.04567307692307692
0 0.39783653846153844 0.23677884615384615 0.0985576923076923 0.1466346153846154
0 0.4206730769230769 0.20432692307692307 0.08173076923076923 0.11538461538461539
0 0.4387019230769231 0.17307692307692307 0.06490384615384616 0.08173076923076923
0 0.45552884615384615 0.1346153846153846 0.04567307692307692 0.019230769230769232
0 0.46875 0.12259615384615384 0.038461538461538464 0.02403846153846154
0 0.4795673076923077 0.11298076923076923 0.036057692307692304 0.019230769230769232
0 0.5108173076923077 0.18870192307692307 0.06490384615384616 0.09375
0 0.5216346153846154 0.140625 0.038461538461538464 0.026442307692307692
0 0.5240384615384616 0.12139423076923077 0.03365384615384615 0.016826923076923076
0 0.640625 0.4266826923076923 0.18990384615384615 0.25721153846153844
0 0.6117788461538461 0.5733173076923077 0.18509615384615385 0.24759615384615385
0 0.6153846153846154 0.32572115384615385 0.1346153846153846 0.18990384615384615
0 0.5540865384615384 0.42788461538461536 0.055288461538461536 0.1201923076923077
0 0.9302884615384616 0.34375 0.07692307692307693 0.07692307692307693
0 0.8954326923076923 0.32572115384615385 0.03125 0.06009615384615385
0 0.8894230769230769 0.30528846153846156 0.08173076923076923 0.07211538461538461
0 0.8485576923076923 0.29086538461538464 0.028846153846153848 0.057692307692307696
0 0.9807692307692307 0.2439903846153846 0.038461538461538464 0.07451923076923077
0 0.9771634615384616 0.28725961538461536 0.04567307692307692 0.06009615384615385
0 0.953125 0.23197115384615385 0.055288461538461536 0.06490384615384616
0 0.9447115384615384 0.27283653846153844 0.052884615384615384 0.055288461538461536
0 0.9194711538461539 0.21754807692307693 0.040865384615384616 0.055288461538461536
0 0.9098557692307693 0.2548076923076923 0.040865384615384616 0.052884615384615384
0 0.8786057692307693 0.19110576923076922 0.05048076923076923 0.05048076923076923
0 0.8966346153846154 0.20673076923076922 0.04326923076923077 0.04807692307692308
0 0.8846153846153846 0.2403846153846154 0.03365384615384615 0.04326923076923077
0 0.8629807692307693 0.22596153846153846 0.04326923076923077 0.052884615384615384
0 0.8485576923076923 0.18509615384615385 0.038461538461538464 0.04326923076923077
0 0.8389423076923077 0.21514423076923078 0.03365384615384615 0.040865384615384616
0 0.8161057692307693 0.171875 0.05048076923076923 0.05048076923076923
0 0.8088942307692307 0.20552884615384615 0.04567307692307692 0.04567307692307692
0 0.7800480769230769 0.16466346153846154 0.04567307692307692 0.05048076923076923
0 0.7692307692307693 0.19471153846153846 0.04326923076923077 0.038461538461538464
0 0.7463942307692307 0.15504807692307693 0.04567307692307692 0.04567307692307692
0 0.7379807692307693 0.1814903846153846 0.038461538461538464 0.036057692307692304
0 0.7115384615384616 0.14182692307692307 0.04326923076923077 0.04326923076923077
0 0.7067307692307693 0.16947115384615385 0.038461538461538464 0.036057692307692304
0 0.6814903846153846 0.13701923076923078 0.040865384615384616 0.04807692307692308
0 0.6514423076923077 0.12740384615384615 0.03365384615384615 0.04326923076923077
0 0.5625 0.1466346153846154 0.04807692307692308 0.07211538461538461