0 0.12259615384615384 0.7379807692307693 0.2403846153846154 0.5240384615384616
0 0.03245192307692308 0.3317307692307692 0.06009615384615385 0.19230769230769232
0 0.1971153846153846 0.5336538461538461 0.20673076923076922 0.33653846153846156
0 0.27163461538461536 0.75 0.0625 0.3701923076923077
0 0.3161057692307692 0.5793269230769231 0.036057692307692304 0.2403846153846154
0 0.25961538461538464 0.42427884615384615 0.14903846153846154 0.24759615384615385
0 0.2980769230769231 0.34134615384615385 0.11057692307692307 0.20673076923076922
0 0.34134615384615385 0.46875 0.03365384615384615 0.17307692307692307
0 0.20192307692307693 0.21153846153846154 0.0673076923076923 0.09615384615384616
0 0.23557692307692307 0.19230769230769232 0.057692307692307696 0.09615384615384616
0 0.028846153846153848 0.20432692307692307 0.057692307692307696 0.09134615384615384
0 0.07091346153846154 0.19230769230769232 0.07451923076923077 0.09615384615384616
0 0.12259615384615384 0.1778846153846154 0.057692307692307696 0.07692307692307693
0 0.15865384615384615 0.15865384615384615 0.057692307692307696 0.0673076923076923
0 0.21153846153846154 0.1310096153846154 0.04326923076923077 0.036057692307692304
0 0.19471153846153846 0.1466346153846154 0.028846153846153848 0.04807692307692308
0 0.23918269230769232 0.1310096153846154 0.021634615384615384 0.036057692307692304
0 0.25240384615384615 0.12740384615384615 0.02403846153846154 0.04326923076923077
0 0.34975961538461536 0.25961538461538464 0.07451923076923077 0.1346153846153846
0 0.36538461538461536 0.22355769230769232 0.0625 0.10576923076923077
0 0.37740384615384615 0.19230769230769232 0.052884615384615384 0.07211538461538461
0 0.3870192307692308 0.1502403846153846 0.04326923076923077 0.01201923076923077
0 0.39783653846153844 0.13701923076923078 0.036057692307692304 0.019230769230769232
0 0.40625 0.12379807692307693 0.03365384615384615 0.01201923076923077
0 0.4495192307692308 0.19230769230769232 0.04807692307692308 0.08653846153846154
0 0.45072115384615385 0.14182692307692307 0.036057692307692304 0.019230769230769232
0 0.4519230769230769 0.12379807692307693 0.03365384615384615 0.01201923076923077
0 0.6225961538461539 0.4026442307692308 0.14903846153846154 0.23317307692307693
0 0.625 0.5492788461538461 0.14423076923076922 0.22355769230769232
0 0.5793269230769231 0.3076923076923077 0.10576923076923077 0.17307692307692307
0 0.5384615384615384 0.4206730769230769 0.03365384615384615 0.11538461538461539
0 0.8918269230769231 0.2644230769230769 0.0673076923076923 0.0673076923076923
0 0.8545673076923077 0.25240384615384615 0.021634615384615384 0.057692307692307696
0 0.84375 0.234375 0.07211538461538461 0.06009615384615385
0 0.8004807692307693 0.2283653846153846 0.019230769230769232 0.052884615384615384
0 0.9819711538461539 0.16105769230769232 0.036057692307692304 0.08173076923076923
0 0.9807692307692307 0.21514423076923078 0.038461538461538464 0.06009615384615385
0 0.9399038461538461 0.15625 0.057692307692307696 0.0673076923076923
0 0.9350961538461539 0.20072115384615385 0.052884615384615384 0.05048076923076923
0 0.8942307692307693 0.15144230769230768 0.04326923076923077 0.057692307692307696
0 0.8930288461538461 0.19230769230769232 0.04567307692307692 0.04807692307692308
0 0.8581730769230769 0.14302884615384615 0.03365384615384615 0.05048076923076923
0 0.8557692307692307 0.18269230769230768 0.03365384615384615 0.04807692307692308
0 0.8125 0.125 0.04326923076923077 0.04326923076923077
0 0.8329326923076923 0.13701923076923078 0.036057692307692304 0.04326923076923077
0 0.828125 0.17067307692307693 0.026442307692307692 0.038461538461538464
0 0.8052884615384616 0.16346153846153846 0.03365384615384615 0.04807692307692308
0 0.7836538461538461 0.125 0.03365384615384615 0.038461538461538464
0 0.7776442307692307 0.15504807692307693 0.026442307692307692 0.036057692307692304
0 0.7475961538461539 0.11778846153846154 0.04326923076923077 0.04326923076923077
0 0.7475961538461539 0.15384615384615385 0.038461538461538464 0.038461538461538464
0 0.7115384615384616 0.11778846153846154 0.038461538461538464 0.04326923076923077
0 0.7067307692307693 0.14903846153846154 0.038461538461538464 0.03365384615384615
0 0.6754807692307693 0.11298076923076923 0.038461538461538464 0.038461538461538464
0 0.6730769230769231 0.14182692307692307 0.03365384615384615 0.028846153846153848
0 0.6382211538461539 0.10697115384615384 0.036057692307692304 0.036057692307692304
0 0.6394230769230769 0.1346153846153846 0.03365384615384615 0.028846153846153848
0 0.6105769230769231 0.11057692307692307 0.03365384615384615 0.04326923076923077
0 0.578125 0.10576923076923077 0.026442307692307692 0.038461538461538464
0 0.49399038461538464 0.14182692307692307 0.036057692307692304 0.0673076923076923