0 0.16466346153846154 0.7584134615384616 0.31971153846153844 0.4831730769230769
0 0.027644230769230768 0.40625 0.055288461538461536 0.1971153846153846
0 0.20552884615384615 0.5793269230769231 0.25721153846153844 0.36538461538461536
0 0.3125 0.78125 0.1201923076923077 0.375
0 0.3317307692307692 0.6069711538461539 0.07211538461538461 0.24278846153846154
0 0.25 0.4639423076923077 0.1875 0.2692307692307692
0 0.27524038461538464 0.375 0.14182692307692307 0.22115384615384615
0 0.3401442307692308 0.49399038461538464 0.06009615384615385 0.17548076923076922
0 0.15985576923076922 0.2608173076923077 0.07932692307692307 0.10336538461538461
0 0.19230769230769232 0.23918269230769232 0.07211538461538461 0.10336538461538461
0 0.010817307692307692 0.28125 0.021634615384615384 0.10096153846153846
0 0.036057692307692304 0.2620192307692308 0.07211538461538461 0.10576923076923077
0 0.07692307692307693 0.2403846153846154 0.0673076923076923 0.08653846153846154
0 0.10817307692307693 0.21634615384615385 0.0673076923076923 0.07692307692307693
0 0.15865384615384615 0.18028846153846154 0.04807692307692308 0.04326923076923077
0 0.14302884615384615 0.19951923076923078 0.036057692307692304 0.052884615384615384
0 0.18389423076923078 0.1778846153846154 0.026442307692307692 0.038461538461538464
0 0.19831730769230768 0.171875 0.03125 0.04567307692307692
0 0.3137019230769231 0.2860576923076923 0.09375 0.14423076923076922
0 0.3245192307692308 0.24879807692307693 0.07692307692307693 0.11298076923076923
0 0.3317307692307692 0.21514423076923078 0.0625 0.07932692307692307
0 0.3329326923076923 0.17067307692307693 0.04567307692307692 0.019230769230769232
0 0.34134615384615385 0.15625 0.038461538461538464 0.02403846153846154
0 0.34975961538461536 0.14302884615384615 0.036057692307692304 0.016826923076923076
0 0.4026442307692308 0.203125 0.06009615384615385 0.09375
0 0.39663461538461536 0.15504807692307693 0.038461538461538464 0.026442307692307692
0 0.3918269230769231 0.13581730769230768 0.03365384615384615 0.016826923076923076
0 0.6057692307692307 0.38341346153846156 0.18269230769230768 0.25240384615384615
0 0.6298076923076923 0.5300480769230769 0.1778846153846154 0.24278846153846154
0 0.5480769230769231 0.2980769230769231 0.12980769230769232 0.1875
0 0.5252403846153846 0.41586538461538464 0.05048076923076923 0.1201923076923077
0 0.8497596153846154 0.20552884615384615 0.07451923076923077 0.07451923076923077
0 0.8112980769230769 0.20072115384615385 0.03125 0.06009615384615385
0 0.7980769230769231 0.18389423076923078 0.08173076923076923 0.06971153846153846
0 0.7560096153846154 0.18629807692307693 0.026442307692307692 0.055288461538461536
0 0.9230769230769231 0.09014423076923077 0.04807692307692308 0.08413461538461539
0 0.9302884615384616 0.14543269230769232 0.04807692307692308 0.06490384615384616
0 0.8798076923076923 0.09014423076923077 0.0673076923076923 0.07451923076923077
0 0.8834134615384616 0.1346153846153846 0.06009615384615385 0.057692307692307696
0 0.8341346153846154 0.09375 0.052884615384615384 0.0625
0 0.8389423076923077 0.13581730769230768 0.052884615384615384 0.055288461538461536
0 0.7992788461538461 0.09254807692307693 0.040865384615384616 0.055288461538461536
0 0.8004807692307693 0.12980769230769232 0.038461538461538464 0.052884615384615384
0 0.75 0.08173076923076923 0.04807692307692308 0.04807692307692308
0 0.7716346153846154 0.09134615384615384 0.04326923076923077 0.04807692307692308
0 0.7728365384615384 0.125 0.03125 0.04326923076923077
0 0.7487980769230769 0.1201923076923077 0.040865384615384616 0.052884615384615384
0 0.7211538461538461 0.08413461538461539 0.038461538461538464 0.04326923076923077
0 0.7199519230769231 0.11658653846153846 0.03125 0.040865384615384616
0 0.6850961538461539 0.0829326923076923 0.04807692307692308 0.05048076923076923
0 0.6887019230769231 0.11778846153846154 0.04567307692307692 0.04326923076923077
0 0.6478365384615384 0.09014423076923077 0.04567307692307692 0.05048076923076923
0 0.6490384615384616 0.1201923076923077 0.04326923076923077 0.038461538461538464
0 0.6117788461538461 0.09134615384615384 0.04567307692307692 0.04326923076923077
0 0.6153846153846154 0.11899038461538461 0.038461538461538464 0.036057692307692304
0 0.5757211538461539 0.09014423076923077 0.040865384615384616 0.040865384615384616
0 0.5817307692307693 0.11899038461538461 0.038461538461538464 0.036057692307692304
0 0.546875 0.09735576923076923 0.040865384615384616 0.04567307692307692
0 0.515625 0.0985576923076923 0.03125 0.04326923076923077
0 0.4387019230769231 0.1466346153846154 0.04567307692307692 0.07211538461538461