0 0.8858173076923077 0.5673076923076923 0.2283653846153846 0.11057692307692307
0 0.8725961538461539 0.6274038461538461 0.22596153846153846 0.11057692307692307
0 0.9134615384615384 0.7115384615384616 0.11538461538461539 0.08653846153846154
0 0.8990384615384616 0.7704326923076923 0.11538461538461539 0.07932692307692307
0 0.8870192307692307 0.8245192307692307 0.11538461538461539 0.08173076923076923
0 0.7692307692307693 0.6838942307692307 0.20192307692307693 0.10336538461538461
0 0.7560096153846154 0.7391826923076923 0.19951923076923078 0.0985576923076923
0 0.7439903846153846 0.7932692307692307 0.20432692307692307 0.10096153846153846
0 0.7608173076923077 0.5697115384615384 0.055288461538461536 0.0673076923076923
0 0.7512019230769231 0.6213942307692307 0.055288461538461536 0.06490384615384616
0 0.7211538461538461 0.5612980769230769 0.057692307692307696 0.06971153846153846
0 0.7091346153846154 0.6141826923076923 0.0625 0.06971153846153846
0 0.5168269230769231 0.5168269230769231 0.38461538461538464 0.13942307692307693
0 0.5072115384615384 0.5721153846153846 0.3894230769230769 0.13942307692307693
0 0.49759615384615385 0.625 0.38461538461538464 0.13942307692307693
0 0.4831730769230769 0.6790865384615384 0.3894230769230769 0.14182692307692307
0 0.453125 0.7319711538461539 0.3581730769230769 0.13221153846153846