0 0.8870192307692307 0.5540865384615384 0.22596153846153846 0.10336538461538461
0 0.8762019230769231 0.6141826923076923 0.22355769230769232 0.10336538461538461
0 0.9206730769230769 0.6983173076923077 0.11538461538461539 0.08413461538461539
0 0.9074519230769231 0.7548076923076923 0.11298076923076923 0.07692307692307693
0 0.8978365384615384 0.8088942307692307 0.11298076923076923 0.07932692307692307
0 0.7752403846153846 0.6730769230769231 0.19951923076923078 0.09615384615384616
0 0.7632211538461539 0.7295673076923077 0.19951923076923078 0.09375
0 0.7548076923076923 0.7836538461538461 0.20192307692307693 0.09615384615384616
0 0.7632211538461539 0.5625 0.055288461538461536 0.0673076923076923
0 0.7548076923076923 0.6117788461538461 0.052884615384615384 0.06490384615384616
0 0.7223557692307693 0.5540865384615384 0.055288461538461536 0.06971153846153846
0 0.7127403846153846 0.6057692307692307 0.06009615384615385 0.0673076923076923
0 0.5180288461538461 0.5180288461538461 0.3870192307692308 0.12740384615384615
0 0.5096153846153846 0.5721153846153846 0.3894230769230769 0.125
0 0.5012019230769231 0.6262019230769231 0.3870192307692308 0.12740384615384615
0 0.49038461538461536 0.6790865384615384 0.3894230769230769 0.12740384615384615
0 0.46153846153846156 0.7331730769230769 0.3605769230769231 0.1201923076923077