0 0.9134615384615384 0.15625 0.07692307692307693 0.08653846153846154
0 0.9302884615384616 0.2091346153846154 0.0625 0.08173076923076923
0 0.8653846153846154 0.18509615384615385 0.08173076923076923 0.08653846153846154
0 0.890625 0.23197115384615385 0.0889423076923077 0.0889423076923077
0 0.9122596153846154 0.28125 0.0889423076923077 0.09134615384615384
0 0.9362980769230769 0.3329326923076923 0.0889423076923077 0.09375
0 0.8173076923076923 0.21514423076923078 0.08173076923076923 0.0889423076923077
0 0.8389423076923077 0.2608173076923077 0.09134615384615384 0.0889423076923077
0 0.859375 0.3112980769230769 0.09375 0.0889423076923077
0 0.8834134615384616 0.36658653846153844 0.09375 0.0889423076923077
0 0.7644230769230769 0.2439903846153846 0.07692307692307693 0.07932692307692307
0 0.7860576923076923 0.2920673076923077 0.08173076923076923 0.07932692307692307
0 0.8052884615384616 0.34134615384615385 0.08653846153846154 0.08653846153846154
0 0.8233173076923077 0.3918269230769231 0.07932692307692307 0.08653846153846154
0 0.9483173076923077 0.3762019230769231 0.06971153846153846 0.04567307692307692
0 0.9002403846153846 0.40384615384615385 0.07451923076923077 0.057692307692307696
0 0.8473557692307693 0.43028846153846156 0.07932692307692307 0.0673076923076923
0 0.7211538461538461 0.29086538461538464 0.07211538461538461 0.08173076923076923
0 0.7403846153846154 0.3329326923076923 0.07692307692307693 0.07932692307692307
0 0.7608173076923077 0.38341346153846156 0.08413461538461539 0.08413461538461539
0 0.78125 0.43149038461538464 0.08653846153846154 0.0889423076923077
0 0.6790865384615384 0.3125 0.06971153846153846 0.07692307692307693
0 0.6959134615384616 0.3605769230769231 0.07451923076923077 0.07692307692307693
0 0.7115384615384616 0.4110576923076923 0.07692307692307693 0.08173076923076923
0 0.7271634615384616 0.45552884615384615 0.07451923076923077 0.07932692307692307
0 0.6370192307692307 0.3389423076923077 0.0673076923076923 0.07692307692307693
0 0.6526442307692307 0.38341346153846156 0.07451923076923077 0.07932692307692307
0 0.6694711538461539 0.4326923076923077 0.07451923076923077 0.08173076923076923
0 0.6838942307692307 0.47716346153846156 0.07451923076923077 0.07932692307692307
0 0.5985576923076923 0.36538461538461536 0.0673076923076923 0.07211538461538461
0 0.6141826923076923 0.4074519230769231 0.07451923076923077 0.07451923076923077
0 0.6274038461538461 0.4567307692307692 0.07211538461538461 0.07692307692307693
0 0.6394230769230769 0.5012019230769231 0.0673076923076923 0.06971153846153846
0 0.5576923076923077 0.38341346153846156 0.057692307692307696 0.06971153846153846
0 0.5721153846153846 0.42788461538461536 0.057692307692307696 0.0673076923076923
0 0.5829326923076923 0.47475961538461536 0.06971153846153846 0.07451923076923077
0 0.5985576923076923 0.5192307692307693 0.0625 0.07211538461538461
0 0.5204326923076923 0.3942307692307692 0.06971153846153846 0.0673076923076923
0 0.5264423076923077 0.4387019230769231 0.057692307692307696 0.06971153846153846
0 0.5384615384615384 0.48197115384615385 0.0625 0.06971153846153846
0 0.5504807692307693 0.5252403846153846 0.0625 0.06971153846153846
0 0.5600961538461539 0.5600961538461539 0.052884615384615384 0.04326923076923077
0 0.6081730769230769 0.5637019230769231 0.0625 0.06490384615384616
0 0.47836538461538464 0.41586538461538464 0.04807692307692308 0.0625
0 0.48677884615384615 0.4567307692307692 0.04567307692307692 0.0625
0 0.4987980769230769 0.5 0.04567307692307692 0.0625
0 0.5216346153846154 0.5793269230769231 0.04807692307692308 0.038461538461538464
0 0.4831730769230769 0.5961538461538461 0.04326923076923077 0.038461538461538464
0 0.4519230769230769 0.609375 0.04326923076923077 0.036057692307692304
0 0.41947115384615385 0.6237980769230769 0.040865384615384616 0.036057692307692304
0 0.38822115384615385 0.640625 0.040865384615384616 0.03125
0 0.4483173076923077 0.4338942307692308 0.05048076923076923 0.06490384615384616
0 0.4579326923076923 0.47596153846153844 0.05048076923076923 0.0673076923076923
0 0.4651442307692308 0.5192307692307693 0.04567307692307692 0.0625
0 0.47716346153846156 0.5600961538461539 0.04567307692307692 0.0625
0 0.41586538461538464 0.4543269230769231 0.04326923076923077 0.0625
0 0.4230769230769231 0.49399038461538464 0.04807692307692308 0.06490384615384616