0 0.1201923076923077 0.5673076923076923 0.052884615384615384 0.052884615384615384
0 0.12139423076923077 0.6045673076923077 0.05048076923076923 0.05048076923076923
0 0.125 0.6418269230769231 0.04326923076923077 0.04326923076923077
0 0.12980769230769232 0.6790865384615384 0.04326923076923077 0.04567307692307692
0 0.13221153846153846 0.7163461538461539 0.04326923076923077 0.04326923076923077
0 0.16826923076923078 0.5588942307692307 0.057692307692307696 0.05048076923076923
0 0.17307692307692307 0.5973557692307693 0.0625 0.055288461538461536
0 0.1778846153846154 0.6334134615384616 0.0625 0.055288461538461536
0 0.18028846153846154 0.671875 0.0625 0.05048076923076923
0 0.18509615384615385 0.7079326923076923 0.0625 0.05048076923076923
0 0.2247596153846154 0.5408653846153846 0.06971153846153846 0.052884615384615384
0 0.22355769230769232 0.5793269230769231 0.057692307692307696 0.052884615384615384
0 0.22596153846153846 0.6189903846153846 0.057692307692307696 0.05048076923076923
0 0.23197115384615385 0.6586538461538461 0.055288461538461536 0.052884615384615384
0 0.23677884615384615 0.6983173076923077 0.055288461538461536 0.05048076923076923
0 0.2800480769230769 0.5264423076923077 0.04567307692307692 0.04807692307692308
0 0.27403846153846156 0.5649038461538461 0.0625 0.057692307692307696
0 0.27884615384615385 0.6057692307692307 0.0625 0.057692307692307696
0 0.28365384615384615 0.6466346153846154 0.0625 0.057692307692307696
0 0.28846153846153844 0.6911057692307693 0.0625 0.055288461538461536
0 0.33413461538461536 0.5072115384615384 0.07692307692307693 0.057692307692307696
0 0.33052884615384615 0.5480769230769231 0.06971153846153846 0.057692307692307696
0 0.33533653846153844 0.5913461538461539 0.06971153846153846 0.057692307692307696
0 0.34134615384615385 0.6346153846153846 0.07211538461538461 0.057692307692307696
0 0.34375 0.6778846153846154 0.0673076923076923 0.057692307692307696
0 0.41586538461538464 0.484375 0.08653846153846154 0.06009615384615385
0 0.39663461538461536 0.53125 0.08173076923076923 0.0625
0 0.4014423076923077 0.5745192307692307 0.08173076923076923 0.0625
0 0.4074519230769231 0.6201923076923077 0.08413461538461539 0.0625
0 0.40865384615384615 0.6634615384615384 0.08173076923076923 0.0625
0 0.4639423076923077 0.49158653846153844 0.08173076923076923 0.06490384615384616
0 0.47115384615384615 0.5360576923076923 0.08173076923076923 0.07211538461538461
0 0.47475961538461536 0.5829326923076923 0.07932692307692307 0.06490384615384616
0 0.5372596153846154 0.47115384615384615 0.08413461538461539 0.07211538461538461
0 0.5408653846153846 0.515625 0.08653846153846154 0.06971153846153846
0 0.5480769230769231 0.5661057692307693 0.08653846153846154 0.06971153846153846
0 0.6213942307692307 0.44711538461538464 0.10817307692307693 0.07692307692307693
0 0.6286057692307693 0.4963942307692308 0.10817307692307693 0.07451923076923077
0 0.6346153846153846 0.546875 0.10576923076923077 0.07451923076923077
0 0.6814903846153846 0.43509615384615385 0.03125 0.052884615384615384
0 0.6899038461538461 0.4855769230769231 0.03365384615384615 0.057692307692307696
0 0.6947115384615384 0.5372596153846154 0.03365384615384615 0.06009615384615385
0 0.7067307692307693 0.43509615384615385 0.03365384615384615 0.052884615384615384
0 0.7139423076923077 0.4831730769230769 0.03365384615384615 0.057692307692307696
0 0.7175480769230769 0.5360576923076923 0.026442307692307692 0.057692307692307696
0 0.7331730769230769 0.4326923076923077 0.03365384615384615 0.057692307692307696
0 0.7548076923076923 0.4326923076923077 0.03365384615384615 0.057692307692307696
0 0.7788461538461539 0.43028846153846156 0.03365384615384615 0.057692307692307696
0 0.8028846153846154 0.43028846153846156 0.03365384615384615 0.052884615384615384
0 0.8269230769230769 0.43028846153846156 0.03365384615384615 0.052884615384615384
0 0.8509615384615384 0.42788461538461536 0.03365384615384615 0.057692307692307696
0 0.8569711538461539 0.47716346153846156 0.03125 0.05048076923076923
0 0.8810096153846154 0.4735576923076923 0.03125 0.052884615384615384