0 0.12379807692307693 0.5877403846153846 0.055288461538461536 0.055288461538461536
0 0.12620192307692307 0.6237980769230769 0.05048076923076923 0.05048076923076923
0 0.13341346153846154 0.6622596153846154 0.04567307692307692 0.04567307692307692
0 0.13822115384615385 0.6971153846153846 0.04567307692307692 0.04807692307692308
0 0.14543269230769232 0.734375 0.04567307692307692 0.04567307692307692
0 0.17307692307692307 0.5745192307692307 0.057692307692307696 0.052884615384615384
0 0.17668269230769232 0.6129807692307693 0.06490384615384616 0.057692307692307696
0 0.18389423076923078 0.6490384615384616 0.06490384615384616 0.057692307692307696
0 0.19110576923076922 0.6875 0.06490384615384616 0.052884615384615384
0 0.19831730769230768 0.7259615384615384 0.06490384615384616 0.052884615384615384
0 0.22956730769230768 0.5564903846153846 0.06971153846153846 0.055288461538461536
0 0.22956730769230768 0.5925480769230769 0.06009615384615385 0.055288461538461536
0 0.23317307692307693 0.6322115384615384 0.057692307692307696 0.052884615384615384
0 0.24278846153846154 0.6742788461538461 0.057692307692307696 0.055288461538461536
0 0.24759615384615385 0.7115384615384616 0.057692307692307696 0.052884615384615384
0 0.2800480769230769 0.5372596153846154 0.04567307692307692 0.05048076923076923
0 0.2776442307692308 0.5757211538461539 0.06490384615384616 0.06009615384615385
0 0.2848557692307692 0.6189903846153846 0.06490384615384616 0.06009615384615385
0 0.2920673076923077 0.6574519230769231 0.06490384615384616 0.06009615384615385
0 0.29927884615384615 0.7019230769230769 0.06490384615384616 0.057692307692307696
0 0.3329326923076923 0.5144230769230769 0.07932692307692307 0.0625
0 0.33413461538461536 0.5564903846153846 0.07211538461538461 0.06009615384615385
0 0.3389423076923077 0.5997596153846154 0.07211538461538461 0.06009615384615385
0 0.3473557692307692 0.6430288461538461 0.07451923076923077 0.06009615384615385
0 0.3545673076923077 0.6862980769230769 0.06971153846153846 0.06009615384615385
0 0.41466346153846156 0.4891826923076923 0.0889423076923077 0.06490384615384616
0 0.40024038461538464 0.5360576923076923 0.08413461538461539 0.0673076923076923
0 0.4050480769230769 0.5817307692307693 0.08413461538461539 0.0673076923076923
0 0.41346153846153844 0.625 0.08653846153846154 0.0673076923076923
0 0.4170673076923077 0.6682692307692307 0.08413461538461539 0.0673076923076923
0 0.4651442307692308 0.49399038461538464 0.08413461538461539 0.06971153846153846
0 0.4723557692307692 0.5372596153846154 0.08413461538461539 0.07451923076923077
0 0.4807692307692308 0.5841346153846154 0.08173076923076923 0.0673076923076923
0 0.5348557692307693 0.4699519230769231 0.0889423076923077 0.07451923076923077
0 0.5420673076923077 0.5144230769230769 0.0889423076923077 0.07211538461538461
0 0.5516826923076923 0.5649038461538461 0.0889423076923077 0.07211538461538461
0 0.6201923076923077 0.43990384615384615 0.11057692307692307 0.08173076923076923
0 0.6274038461538461 0.4891826923076923 0.11057692307692307 0.07932692307692307
0 0.6358173076923077 0.5396634615384616 0.10817307692307693 0.07932692307692307
0 0.6778846153846154 0.42427884615384615 0.03365384615384615 0.055288461538461536
0 0.6887019230769231 0.4735576923076923 0.036057692307692304 0.057692307692307696
0 0.6959134615384616 0.5276442307692307 0.036057692307692304 0.06009615384615385
0 0.703125 0.42427884615384615 0.036057692307692304 0.055288461538461536
0 0.7127403846153846 0.47115384615384615 0.036057692307692304 0.057692307692307696
0 0.71875 0.5252403846153846 0.028846153846153848 0.06009615384615385
0 0.7271634615384616 0.4206730769230769 0.036057692307692304 0.057692307692307696
0 0.7512019230769231 0.4206730769230769 0.036057692307692304 0.057692307692307696
0 0.7752403846153846 0.41586538461538464 0.036057692307692304 0.057692307692307696
0 0.7992788461538461 0.41466346153846156 0.036057692307692304 0.055288461538461536
0 0.8233173076923077 0.41225961538461536 0.036057692307692304 0.055288461538461536
0 0.8449519230769231 0.40865384615384615 0.036057692307692304 0.057692307692307696
0 0.8533653846153846 0.45913461538461536 0.03365384615384615 0.052884615384615384
0 0.8774038461538461 0.45552884615384615 0.03365384615384615 0.055288461538461536