0 0.20192307692307693 0.18269230769230768 0.23076923076923078 0.3173076923076923
0 0.1622596153846154 0.4699519230769231 0.22355769230769232 0.3293269230769231
0 0.12259615384615384 0.7548076923076923 0.22596153846153846 0.3269230769230769
0 0.375 0.1971153846153846 0.23557692307692307 0.3317307692307692
0 0.3425480769230769 0.4831730769230769 0.23798076923076922 0.3317307692307692
0 0.3004807692307692 0.78125 0.23557692307692307 0.33653846153846156
0 0.5673076923076923 0.21033653846153846 0.24519230769230768 0.33413461538461536
0 0.5288461538461539 0.5108173076923077 0.23557692307692307 0.33413461538461536
0 0.4855769230769231 0.8088942307692307 0.2403846153846154 0.33413461538461536
0 0.7632211538461539 0.21995192307692307 0.24278846153846154 0.3389423076923077
0 0.7199519230769231 0.5252403846153846 0.24759615384615385 0.34375
0 0.6766826923076923 0.8305288461538461 0.24278846153846154 0.3389423076923077
0 0.9170673076923077 0.23317307692307693 0.1658653846153846 0.35096153846153844
0 0.8942307692307693 0.5432692307692307 0.21153846153846154 0.34615384615384615
0 0.8569711538461539 0.8413461538461539 0.22355769230769232 0.3173076923076923