0 0.19591346153846154 0.9206730769230769 0.09375 0.1201923076923077
0 0.18509615384615385 0.8161057692307693 0.10576923076923077 0.12259615384615384
0 0.1778846153846154 0.71875 0.10096153846153846 0.10576923076923077
0 0.16947115384615385 0.6274038461538461 0.09375 0.10096153846153846
0 0.21754807692307693 0.4543269230769231 0.10336538461538461 0.10576923076923077
0 0.22596153846153846 0.5360576923076923 0.10096153846153846 0.11057692307692307
0 0.23798076923076922 0.6237980769230769 0.08653846153846154 0.10336538461538461
0 0.24879807692307693 0.7127403846153846 0.08413461538461539 0.10817307692307693
0 0.25841346153846156 0.8040865384615384 0.09375 0.11778846153846154
0 0.26802884615384615 0.9014423076923077 0.09375 0.1201923076923077
0 0.28846153846153844 0.45552884615384615 0.07692307692307693 0.0985576923076923
0 0.2932692307692308 0.5348557692307693 0.07692307692307693 0.0985576923076923
0 0.30408653846153844 0.6165865384615384 0.08413461538461539 0.10336538461538461
0 0.3137019230769231 0.703125 0.08413461538461539 0.10817307692307693
0 0.32572115384615385 0.7944711538461539 0.08413461538461539 0.11298076923076923
0 0.33774038461538464 0.8858173076923077 0.0889423076923077 0.11778846153846154
0 0.3449519230769231 0.4579326923076923 0.07451923076923077 0.0889423076923077
0 0.35216346153846156 0.5288461538461539 0.07451923076923077 0.10576923076923077
0 0.36538461538461536 0.6117788461538461 0.07692307692307693 0.0985576923076923
0 0.3762019230769231 0.6971153846153846 0.06971153846153846 0.09615384615384616
0 0.38822115384615385 0.7860576923076923 0.07451923076923077 0.10576923076923077
0 0.4026442307692308 0.8774038461538461 0.07932692307692307 0.11057692307692307
0 0.39903846153846156 0.453125 0.08173076923076923 0.18028846153846154
0 0.41225961538461536 0.5456730769230769 0.08413461538461539 0.15865384615384615
0 0.42908653846153844 0.6394230769230769 0.08413461538461539 0.14903846153846154
0 0.44711538461538464 0.7391826923076923 0.08653846153846154 0.1466346153846154
0 0.46634615384615385 0.8521634615384616 0.08653846153846154 0.13701923076923078
0 0.6274038461538461 0.8509615384615384 0.28365384615384615 0.25
0 0.5913461538461539 0.6646634615384616 0.27403846153846156 0.24759615384615385
0 0.5637019230769231 0.5144230769230769 0.27163461538461536 0.2692307692307692
0 0.53125 0.36778846153846156 0.2644230769230769 0.2932692307692308
0 0.5024038461538461 0.23197115384615385 0.25 0.30528846153846156
0 0.5733173076923077 0.06850961538461539 0.17548076923076922 0.13701923076923078
0 0.640625 0.18269230769230768 0.12740384615384615 0.1778846153846154
0 0.6742788461538461 0.31971153846153844 0.12740384615384615 0.1971153846153846
0 0.7139423076923077 0.47115384615384615 0.13942307692307693 0.20192307692307693
0 0.7524038461538461 0.6346153846153846 0.14903846153846154 0.20192307692307693
0 0.7992788461538461 0.8149038461538461 0.1466346153846154 0.22115384615384615
0 0.8882211538461539 0.7908653846153846 0.14182692307692307 0.20192307692307693
0 0.953125 0.7752403846153846 0.09375 0.18509615384615385
0 0.84375 0.6274038461538461 0.13942307692307693 0.19230769230769232
0 0.9182692307692307 0.6069711538461539 0.1201923076923077 0.18990384615384615
0 0.7992788461538461 0.47115384615384615 0.12740384615384615 0.1778846153846154
0 0.8713942307692307 0.4483173076923077 0.11778846153846154 0.18990384615384615
0 0.7644230769230769 0.3245192307692308 0.1201923076923077 0.1778846153846154
0 0.7283653846153846 0.18990384615384615 0.11538461538461539 0.16346153846153846
0 0.7235576923076923 0.06610576923076923 0.16826923076923078 0.13221153846153846
0 0.7752403846153846 0.16826923076923078 0.1466346153846154 0.1778846153846154
0 0.8329326923076923 0.30528846153846156 0.10817307692307693 0.16346153846153846
0 0.9459134615384616 0.4423076923076923 0.10817307692307693 0.1201923076923077
0 0.9555288461538461 0.5096153846153846 0.0889423076923077 0.10576923076923077