0 0.1622596153846154 0.8918269230769231 0.08413461538461539 0.11538461538461539
0 0.15985576923076922 0.7872596153846154 0.0985576923076923 0.11778846153846154
0 0.15985576923076922 0.6887019230769231 0.09375 0.0985576923076923
0 0.16105769230769232 0.5973557692307693 0.08653846153846154 0.09375
0 0.22115384615384615 0.43028846153846156 0.09615384615384616 0.10096153846153846
0 0.2247596153846154 0.5108173076923077 0.09375 0.10336538461538461
0 0.22716346153846154 0.5997596153846154 0.07932692307692307 0.0985576923076923
0 0.23076923076923078 0.6899038461538461 0.07692307692307693 0.10096153846153846
0 0.23197115384615385 0.7824519230769231 0.08413461538461539 0.11298076923076923
0 0.234375 0.8798076923076923 0.08413461538461539 0.11538461538461539
0 0.2920673076923077 0.4362980769230769 0.06971153846153846 0.09375
0 0.2920673076923077 0.5180288461538461 0.06971153846153846 0.09375
0 0.2932692307692308 0.5997596153846154 0.07692307692307693 0.0985576923076923
0 0.2980769230769231 0.6850961538461539 0.07692307692307693 0.10096153846153846
0 0.3004807692307692 0.7764423076923077 0.07692307692307693 0.10576923076923077
0 0.30528846153846156 0.8713942307692307 0.08173076923076923 0.11298076923076923
0 0.3473557692307692 0.44591346153846156 0.06971153846153846 0.08413461538461539
0 0.35096153846153844 0.5168269230769231 0.0673076923076923 0.10096153846153846
0 0.3545673076923077 0.5997596153846154 0.06971153846153846 0.09375
0 0.3581730769230769 0.6862980769230769 0.0625 0.09375
0 0.36538461538461536 0.7740384615384616 0.0673076923076923 0.10096153846153846
0 0.36899038461538464 0.8653846153846154 0.06971153846153846 0.10576923076923077
0 0.40384615384615385 0.44591346153846156 0.0673076923076923 0.17548076923076922
0 0.4098557692307692 0.5372596153846154 0.06971153846153846 0.15625
0 0.41947115384615385 0.6334134615384616 0.07451923076923077 0.1466346153846154
0 0.4266826923076923 0.734375 0.07451923076923077 0.14182692307692307
0 0.4338942307692308 0.8497596153846154 0.07451923076923077 0.13221153846153846
0 0.5949519230769231 0.8605769230769231 0.2668269230769231 0.23076923076923078
0 0.5757211538461539 0.671875 0.25721153846153844 0.2283653846153846
0 0.5612980769230769 0.5204326923076923 0.25240384615384615 0.25240384615384615
0 0.5432692307692307 0.3713942307692308 0.24519230769230768 0.2764423076923077
0 0.5252403846153846 0.23317307692307693 0.2283653846153846 0.28846153846153844
0 0.6117788461538461 0.06971153846153846 0.1658653846153846 0.13942307692307693
0 0.6682692307692307 0.19831730769230768 0.11538461538461539 0.17067307692307693
0 0.6887019230769231 0.33533653846153844 0.11298076923076923 0.18990384615384615
0 0.7151442307692307 0.49158653846153844 0.12259615384615384 0.19471153846153846
0 0.7391826923076923 0.6550480769230769 0.13221153846153846 0.19471153846153846
0 0.7692307692307693 0.8413461538461539 0.12980769230769232 0.21153846153846154
0 0.8629807692307693 0.8257211538461539 0.125 0.19471153846153846
0 0.9399038461538461 0.8161057692307693 0.10576923076923077 0.18028846153846154
0 0.8317307692307693 0.6550480769230769 0.125 0.18509615384615385
0 0.90625 0.6430288461538461 0.10576923076923077 0.18509615384615385
0 0.8004807692307693 0.4987980769230769 0.11538461538461539 0.17067307692307693
0 0.8762019230769231 0.4807692307692308 0.10336538461538461 0.18269230769230768
0 0.7776442307692307 0.3473557692307692 0.10817307692307693 0.17067307692307693
0 0.7536057692307693 0.21153846153846154 0.10336538461538461 0.15865384615384615
0 0.7632211538461539 0.0733173076923077 0.15625 0.1466346153846154
0 0.8028846153846154 0.19471153846153846 0.1346153846153846 0.16826923076923078
0 0.8485576923076923 0.33533653846153844 0.09615384615384616 0.15625
0 0.9495192307692307 0.48197115384615385 0.10096153846153846 0.11298076923076923
0 0.9567307692307693 0.5492788461538461 0.08653846153846154 0.0985576923076923