0 0.04447115384615385 0.22115384615384615 0.0889423076923077 0.23557692307692307
0 0.07572115384615384 0.421875 0.15144230769230768 0.24759615384615385
0 0.11778846153846154 0.625 0.1778846153846154 0.23557692307692307
0 0.16826923076923078 0.8052884615384616 0.16346153846153846 0.20673076923076922
0 0.12379807692307693 0.1935096153846154 0.1658653846153846 0.2283653846153846
0 0.17908653846153846 0.3942307692307692 0.17548076923076922 0.2403846153846154
0 0.23557692307692307 0.5973557692307693 0.17307692307692307 0.23798076923076922
0 0.2800480769230769 0.7788461538461539 0.1658653846153846 0.21153846153846154
0 0.3269230769230769 0.9230769230769231 0.16826923076923078 0.15384615384615385
0 0.24278846153846154 0.16947115384615385 0.1778846153846154 0.23798076923076922
0 0.2956730769230769 0.36538461538461536 0.17307692307692307 0.24519230769230768
0 0.3449519230769231 0.5661057692307693 0.17067307692307693 0.23798076923076922
0 0.39663461538461536 0.7512019230769231 0.16346153846153846 0.2091346153846154
0 0.4387019230769231 0.9098557692307693 0.16105769230769232 0.18028846153846154
0 0.3581730769230769 0.13822115384615385 0.17307692307692307 0.23317307692307693
0 0.4074519230769231 0.33774038461538464 0.17548076923076922 0.24278846153846154
0 0.4579326923076923 0.5372596153846154 0.17067307692307693 0.23317307692307693
0 0.5036057692307693 0.7199519230769231 0.16105769230769232 0.2091346153846154
0 0.5504807692307693 0.8930288461538461 0.16346153846153846 0.21394230769230768
0 0.4735576923076923 0.11177884615384616 0.17307692307692307 0.22355769230769232
0 0.5240384615384616 0.3088942307692308 0.17307692307692307 0.23798076923076922
0 0.5721153846153846 0.5060096153846154 0.17307692307692307 0.23798076923076922
0 0.6177884615384616 0.6899038461538461 0.16346153846153846 0.20673076923076922
0 0.6610576923076923 0.8665865384615384 0.16826923076923078 0.22355769230769232
0 0.5901442307692307 0.0985576923076923 0.17548076923076922 0.1971153846153846
0 0.6394230769230769 0.2776442307692308 0.17307692307692307 0.24278846153846154
0 0.6862980769230769 0.47716346153846156 0.17067307692307693 0.23798076923076922
0 0.7307692307692307 0.6634615384615384 0.15865384615384615 0.20673076923076922
0 0.7728365384615384 0.8425480769230769 0.16105769230769232 0.22355769230769232
0 0.7079326923076923 0.0829326923076923 0.18028846153846154 0.1658653846153846
0 0.7524038461538461 0.24759615384615385 0.17307692307692307 0.24519230769230768
0 0.7980769230769231 0.45072115384615385 0.17307692307692307 0.23798076923076922
0 0.8425480769230769 0.6358173076923077 0.1658653846153846 0.21394230769230768
0 0.8798076923076923 0.8137019230769231 0.15865384615384615 0.21875
0 0.953125 0.7836538461538461 0.09375 0.23076923076923078
0 0.9350961538461539 0.6021634615384616 0.12980769230769232 0.21394230769230768
0 0.9134615384615384 0.41947115384615385 0.17307692307692307 0.24278846153846154
0 0.8653846153846154 0.21875 0.1778846153846154 0.25
0 0.8221153846153846 0.06850961538461539 0.18269230769230768 0.13701923076923078