0 0.16105769230769232 0.08052884615384616 0.15384615384615385 0.16105769230769232
0 0.1310096153846154 0.2512019230769231 0.1658653846153846 0.24278846153846154
0 0.10096153846153846 0.45913461538461536 0.16346153846153846 0.23076923076923078
0 0.07451923076923077 0.6442307692307693 0.14903846153846154 0.20192307692307693
0 0.27884615384615385 0.0889423076923077 0.15384615384615385 0.1778846153846154
0 0.25 0.27283653846153844 0.16346153846153846 0.23317307692307693
0 0.21754807692307693 0.48197115384615385 0.16105769230769232 0.23317307692307693
0 0.18629807692307693 0.6646634615384616 0.15625 0.20432692307692307
0 0.15745192307692307 0.8485576923076923 0.15625 0.21634615384615385
0 0.39783653846153844 0.10336538461538461 0.1658653846153846 0.20673076923076922
0 0.36778846153846156 0.29447115384615385 0.15865384615384615 0.23798076923076922
0 0.3317307692307692 0.4987980769230769 0.15865384615384615 0.23317307692307693
0 0.30408653846153844 0.6862980769230769 0.15144230769230768 0.20432692307692307
0 0.2692307692307692 0.8653846153846154 0.14903846153846154 0.21153846153846154
0 0.5168269230769231 0.11177884615384616 0.15865384615384615 0.22355769230769232
0 0.4831730769230769 0.3137019230769231 0.16346153846153846 0.23798076923076922
0 0.4483173076923077 0.5180288461538461 0.15625 0.2283653846153846
0 0.41586538461538464 0.7019230769230769 0.14903846153846154 0.20192307692307693
0 0.3858173076923077 0.8834134615384616 0.15144230769230768 0.21875
0 0.6358173076923077 0.1310096153846154 0.16105769230769232 0.2283653846153846
0 0.5997596153846154 0.33533653846153844 0.16105769230769232 0.23317307692307693
0 0.5637019230769231 0.5348557692307693 0.16105769230769232 0.23317307692307693
0 0.5300480769230769 0.7223557692307693 0.15144230769230768 0.19951923076923078
0 0.4963942307692308 0.8954326923076923 0.15625 0.2091346153846154
0 0.7548076923076923 0.15264423076923078 0.16346153846153846 0.23317307692307693
0 0.7175480769230769 0.3545673076923077 0.16105769230769232 0.23798076923076922
0 0.6790865384615384 0.5552884615384616 0.15625 0.23076923076923078
0 0.6442307692307693 0.7439903846153846 0.14903846153846154 0.19951923076923078
0 0.6081730769230769 0.90625 0.14903846153846154 0.1875
0 0.8737980769230769 0.17067307692307693 0.1658653846153846 0.23076923076923078
0 0.8329326923076923 0.37259615384615385 0.16105769230769232 0.2403846153846154
0 0.7932692307692307 0.5757211538461539 0.15865384615384615 0.23317307692307693
0 0.7572115384615384 0.7632211538461539 0.15384615384615385 0.2091346153846154
0 0.7175480769230769 0.9170673076923077 0.1466346153846154 0.1658653846153846
0 0.8341346153846154 0.9230769230769231 0.15865384615384615 0.15384615384615385
0 0.8725961538461539 0.7776442307692307 0.15384615384615385 0.2091346153846154
0 0.9122596153846154 0.5949519230769231 0.16105769230769232 0.23798076923076922
0 0.9326923076923077 0.390625 0.1346153846153846 0.24278846153846154
0 0.953125 0.18990384615384615 0.09375 0.23557692307692307