0 0.05048076923076923 0.19591346153846154 0.10096153846153846 0.23317307692307693
0 0.07572115384615384 0.39903846153846156 0.15144230769230768 0.24519230769230768
0 0.11298076923076923 0.6045673076923077 0.16826923076923078 0.23317307692307693
0 0.15264423076923078 0.7884615384615384 0.15625 0.20192307692307693
0 0.140625 0.17427884615384615 0.15625 0.22355769230769232
0 0.18629807692307693 0.37740384615384615 0.1658653846153846 0.23557692307692307
0 0.22956730769230768 0.5829326923076923 0.1658653846153846 0.23317307692307693
0 0.2668269230769231 0.7668269230769231 0.15865384615384615 0.20673076923076922
0 0.3016826923076923 0.9194711538461539 0.16105769230769232 0.16105769230769232
0 0.25961538461538464 0.15625 0.16826923076923078 0.23557692307692307
0 0.30288461538461536 0.3557692307692308 0.16346153846153846 0.2403846153846154
0 0.3425480769230769 0.5588942307692307 0.16105769230769232 0.23317307692307693
0 0.38221153846153844 0.7451923076923077 0.15384615384615385 0.20673076923076922
0 0.41466346153846156 0.9086538461538461 0.15144230769230768 0.18269230769230768
0 0.37740384615384615 0.12980769230769232 0.16346153846153846 0.23076923076923078
0 0.4170673076923077 0.3329326923076923 0.1658653846153846 0.23798076923076922
0 0.4579326923076923 0.5348557692307693 0.16105769230769232 0.2283653846153846
0 0.49399038461538464 0.7199519230769231 0.15144230769230768 0.20432692307692307
0 0.5300480769230769 0.8942307692307693 0.15625 0.21153846153846154
0 0.49399038461538464 0.11057692307692307 0.1658653846153846 0.22115384615384615
0 0.5336538461538461 0.31009615384615385 0.16346153846153846 0.23557692307692307
0 0.5721153846153846 0.5108173076923077 0.16346153846153846 0.23317307692307693
0 0.6081730769230769 0.6971153846153846 0.15384615384615385 0.20192307692307693
0 0.6418269230769231 0.875 0.15865384615384615 0.22115384615384615
0 0.6141826923076923 0.09975961538461539 0.1658653846153846 0.19951923076923078
0 0.6514423076923077 0.2848557692307692 0.16346153846153846 0.23798076923076922
0 0.6887019230769231 0.48677884615384615 0.16105769230769232 0.23317307692307693
0 0.7223557692307693 0.6754807692307693 0.15144230769230768 0.20192307692307693
0 0.7548076923076923 0.8557692307692307 0.15384615384615385 0.22115384615384615
0 0.7295673076923077 0.08774038461538461 0.17067307692307693 0.17548076923076922
0 0.7644230769230769 0.2620192307692308 0.16346153846153846 0.2403846153846154
0 0.8004807692307693 0.46634615384615385 0.16346153846153846 0.23557692307692307
0 0.8353365384615384 0.6538461538461539 0.15625 0.21153846153846154
0 0.8629807692307693 0.8341346153846154 0.14903846153846154 0.21634615384615385
0 0.9471153846153846 0.8076923076923077 0.10576923076923077 0.22596153846153846
0 0.9338942307692307 0.625 0.13221153846153846 0.21153846153846154
0 0.9182692307692307 0.4411057692307692 0.16346153846153846 0.23798076923076922
0 0.8798076923076923 0.23798076923076922 0.16826923076923078 0.24519230769230768
0 0.8461538461538461 0.07572115384615384 0.17307692307692307 0.15144230769230768