0 0.3858173076923077 0.33413461538461536 0.09375 0.09134615384615384
0 0.16706730769230768 0.3004807692307692 0.11778846153846154 0.11538461538461539
0 0.15504807692307693 0.3581730769230769 0.12259615384615384 0.10576923076923077
0 0.22956730769230768 0.30288461538461536 0.036057692307692304 0.0673076923076923
0 0.21995192307692307 0.3605769230769231 0.036057692307692304 0.0673076923076923
0 0.2536057692307692 0.31850961538461536 0.036057692307692304 0.06971153846153846
0 0.27403846153846156 0.33533653846153844 0.03365384615384615 0.06009615384615385
0 0.09254807692307693 0.31850961538461536 0.021634615384615384 0.036057692307692304
0 0.07211538461538461 0.30528846153846156 0.02403846153846154 0.038461538461538464
0 0.051682692307692304 0.2980769230769231 0.026442307692307692 0.038461538461538464
0 0.04326923076923077 0.3401442307692308 0.028846153846153848 0.040865384615384616
0 0.036057692307692304 0.38461538461538464 0.028846153846153848 0.04326923076923077