0 0.3641826923076923 0.35096153846153844 0.08413461538461539 0.08173076923076923
0 0.140625 0.3473557692307692 0.10336538461538461 0.10336538461538461
0 0.13942307692307693 0.4074519230769231 0.11057692307692307 0.09375
0 0.20432692307692307 0.3425480769230769 0.028846153846153848 0.06490384615384616
0 0.20432692307692307 0.40024038461538464 0.028846153846153848 0.06490384615384616
0 0.22956730769230768 0.3557692307692308 0.026442307692307692 0.0673076923076923
0 0.2536057692307692 0.36778846153846156 0.026442307692307692 0.057692307692307696
0 0.07091346153846154 0.375 0.016826923076923076 0.03365384615384615
0 0.04927884615384615 0.36658653846153844 0.021634615384615384 0.036057692307692304
0 0.028846153846153848 0.36177884615384615 0.02403846153846154 0.036057692307692304
0 0.026442307692307692 0.40384615384615385 0.02403846153846154 0.038461538461538464
0 0.02403846153846154 0.45072115384615385 0.02403846153846154 0.040865384615384616