0 0.33533653846153844 0.38221153846153844 0.09375 0.09134615384615384
0 0.11658653846153846 0.4254807692307692 0.11778846153846154 0.11538461538461539
0 0.12620192307692307 0.4855769230769231 0.12259615384615384 0.10576923076923077
0 0.17908653846153846 0.40865384615384615 0.036057692307692304 0.0673076923076923
0 0.18870192307692307 0.4639423076923077 0.036057692307692304 0.0673076923076923
0 0.20552884615384615 0.41466346153846156 0.036057692307692304 0.06971153846153846
0 0.23076923076923078 0.421875 0.03365384615384615 0.06009615384615385
0 0.054086538461538464 0.4675480769230769 0.021634615384615384 0.036057692307692304
0 0.03125 0.4639423076923077 0.02403846153846154 0.038461538461538464
0 0.010817307692307692 0.46153846153846156 0.021634615384615384 0.038461538461538464
0 0.016826923076923076 0.5060096153846154 0.028846153846153848 0.040865384615384616
0 0.02403846153846154 0.5504807692307693 0.028846153846153848 0.04326923076923077