0 0.05048076923076923 0.24639423076923078 0.10096153846153846 0.0985576923076923
0 0.05048076923076923 0.29447115384615385 0.10096153846153846 0.09375
0 0.054086538461538464 0.3545673076923077 0.10817307692307693 0.0985576923076923
0 0.05048076923076923 0.4170673076923077 0.10096153846153846 0.10336538461538461
0 0.055288461538461536 0.49278846153846156 0.11057692307692307 0.10096153846153846
0 0.056490384615384616 0.5697115384615384 0.10817307692307693 0.10096153846153846
0 0.06129807692307692 0.6502403846153846 0.10336538461538461 0.0889423076923077
0 0.9074519230769231 0.5072115384615384 0.18509615384615385 0.9326923076923077
0 0.7007211538461539 0.5637019230769231 0.36778846153846156 0.8677884615384616
0 0.47475961538461536 0.625 0.19951923076923078 0.6346153846153846
0 0.359375 0.6286057692307693 0.13701923076923078 0.46875
0 0.28846153846153844 0.6346153846153846 0.08653846153846154 0.36538461538461536
0 0.23918269230769232 0.6370192307692307 0.06009615384615385 0.3076923076923077
0 0.20793269230769232 0.640625 0.04567307692307692 0.2668269230769231
0 0.19110576923076922 0.3942307692307692 0.04567307692307692 0.2644230769230769
0 0.22115384615384615 0.3581730769230769 0.07211538461538461 0.3269230769230769
0 0.2692307692307692 0.29086538461538464 0.09134615384615384 0.41346153846153844
0 0.33533653846153844 0.23677884615384615 0.11298076923076923 0.4543269230769231
0 0.44591346153846156 0.2127403846153846 0.18509615384615385 0.41586538461538464
0 0.6682692307692307 0.16346153846153846 0.32211538461538464 0.3269230769230769
0 0.8882211538461539 0.06971153846153846 0.1658653846153846 0.13942307692307693
0 0.17427884615384615 0.15985576923076922 0.05048076923076923 0.2764423076923077
0 0.20673076923076922 0.14182692307692307 0.0625 0.2403846153846154
0 0.25600961538461536 0.10697115384615384 0.07451923076923077 0.18028846153846154