0 0.10336538461538461 0.15625 0.12980769230769232 0.10576923076923077
0 0.09615384615384616 0.20432692307692307 0.125 0.10096153846153846
0 0.0889423076923077 0.2644230769230769 0.125 0.10576923076923077
0 0.07692307692307693 0.3269230769230769 0.11057692307692307 0.11057692307692307
0 0.06610576923076923 0.40024038461538464 0.11778846153846154 0.10817307692307693
0 0.054086538461538464 0.4735576923076923 0.10817307692307693 0.10576923076923077
0 0.04567307692307692 0.5540865384615384 0.09134615384615384 0.09375
0 0.8858173076923077 0.5637019230769231 0.2283653846153846 0.8725961538461539
0 0.6826923076923077 0.5805288461538461 0.4230769230769231 0.8389423076923077
0 0.45072115384615385 0.6165865384615384 0.24278846153846154 0.6418269230769231
0 0.33653846153846156 0.5985576923076923 0.16826923076923078 0.47115384615384615
0 0.265625 0.5877403846153846 0.11298076923076923 0.36778846153846156
0 0.21875 0.5793269230769231 0.08173076923076923 0.3076923076923077
0 0.18389423076923078 0.5757211538461539 0.06490384615384616 0.2668269230769231
0 0.21995192307692307 0.3317307692307692 0.06490384615384616 0.2644230769230769
0 0.25721153846153844 0.3016826923076923 0.09615384615384616 0.3293269230769231
0 0.31850961538461536 0.24759615384615385 0.11778846153846154 0.41346153846153844
0 0.3918269230769231 0.21754807692307693 0.14423076923076922 0.43509615384615385
0 0.5072115384615384 0.2091346153846154 0.21153846153846154 0.4182692307692308
0 0.7391826923076923 0.19591346153846154 0.34375 0.36778846153846156
0 0.9423076923076923 0.14302884615384615 0.11538461538461539 0.18028846153846154
0 0.24879807692307693 0.11899038461538461 0.06971153846153846 0.23798076923076922
0 0.2848557692307692 0.1045673076923077 0.07932692307692307 0.2091346153846154
0 0.34134615384615385 0.07692307692307693 0.08653846153846154 0.15384615384615385