0 0.09735576923076923 0.16466346153846154 0.12740384615384615 0.10336538461538461
0 0.09254807692307693 0.2127403846153846 0.12259615384615384 0.0985576923076923
0 0.08533653846153846 0.27283653846153844 0.12259615384615384 0.10336538461538461
0 0.0733173076923077 0.33533653846153844 0.10817307692307693 0.10817307692307693
0 0.06490384615384616 0.40865384615384615 0.11538461538461539 0.10576923076923077
0 0.052884615384615384 0.4807692307692308 0.10576923076923077 0.10576923076923077
0 0.04567307692307692 0.5637019230769231 0.09134615384615384 0.09375
0 0.890625 0.5600961538461539 0.21875 0.8798076923076923
0 0.6838942307692307 0.5793269230769231 0.4110576923076923 0.8413461538461539
0 0.4519230769230769 0.6177884615384616 0.23076923076923078 0.6394230769230769
0 0.33774038461538464 0.6009615384615384 0.16105769230769232 0.47115384615384615
0 0.2668269230769231 0.5925480769230769 0.10576923076923077 0.36778846153846156
0 0.21995192307692307 0.5841346153846154 0.07451923076923077 0.3076923076923077
0 0.18629807692307693 0.5829326923076923 0.06009615384615385 0.2668269230769231
0 0.21754807692307693 0.33653846153846156 0.06009615384615385 0.2644230769230769
0 0.2536057692307692 0.30649038461538464 0.0889423076923077 0.3293269230769231
0 0.3137019230769231 0.25 0.11298076923076923 0.41346153846153844
0 0.38822115384615385 0.21875 0.13701923076923078 0.4375
0 0.5012019230769231 0.2091346153846154 0.20432692307692307 0.4182692307692308
0 0.734375 0.1935096153846154 0.3389423076923077 0.3629807692307692
0 0.9399038461538461 0.1346153846153846 0.1201923076923077 0.1778846153846154
0 0.2439903846153846 0.12139423076923077 0.06490384615384616 0.24278846153846154
0 0.2776442307692308 0.10576923076923077 0.07451923076923077 0.21153846153846154
0 0.33533653846153844 0.07932692307692307 0.08413461538461539 0.15865384615384615