0 0.703125 0.3701923076923077 0.2668269230769231 0.625
0 0.47836538461538464 0.5540865384615384 0.10096153846153846 0.19471153846153846
0 0.3245192307692308 0.27524038461538464 0.04807692307692308 0.09375
0 0.28365384615384615 0.25721153846153844 0.038461538461538464 0.10096153846153846
0 0.2247596153846154 0.22235576923076922 0.06490384615384616 0.11778846153846154
0 0.16947115384615385 0.2247596153846154 0.055288461538461536 0.11778846153846154
0 0.1310096153846154 0.2692307692307692 0.036057692307692304 0.038461538461538464
0 0.12259615384615384 0.3425480769230769 0.057692307692307696 0.11778846153846154
0 0.16947115384615385 0.33774038461538464 0.05048076923076923 0.11298076923076923
0 0.22115384615384615 0.33774038461538464 0.0625 0.12259615384615384
0 0.27884615384615385 0.3329326923076923 0.04326923076923077 0.055288461538461536
0 0.33052884615384615 0.3894230769230769 0.05048076923076923 0.08173076923076923
0 0.36177884615384615 0.2536057692307692 0.026442307692307692 0.055288461538461536
0 0.36778846153846156 0.375 0.02403846153846154 0.07692307692307693
0 0.36778846153846156 0.4675480769230769 0.014423076923076924 0.11298076923076923
0 0.33533653846153844 0.4723557692307692 0.055288461538461536 0.0985576923076923
0 0.2848557692307692 0.46153846153846156 0.04567307692307692 0.11057692307692307
0 0.23076923076923078 0.4699519230769231 0.0625 0.09375
0 0.33774038461538464 0.578125 0.055288461538461536 0.11298076923076923
0 0.12860576923076922 0.4495192307692308 0.055288461538461536 0.11057692307692307
0 0.17427884615384615 0.453125 0.05048076923076923 0.11298076923076923
0 0.07211538461538461 0.328125 0.057692307692307696 0.11298076923076923
0 0.07211538461538461 0.4423076923076923 0.0625 0.125
0 0.07091346153846154 0.5600961538461539 0.055288461538461536 0.10576923076923077
0 0.125 0.5733173076923077 0.057692307692307696 0.13701923076923078
0 0.040865384615384616 0.21634615384615385 0.057692307692307696 0.02403846153846154
0 0.04807692307692308 0.24759615384615385 0.0625 0.038461538461538464
0 0.021634615384615384 0.33413461538461536 0.04326923076923077 0.10096153846153846
0 0.028846153846153848 0.4423076923076923 0.038461538461538464 0.125
0 0.030048076923076924 0.5300480769230769 0.03125 0.06971153846153846
0 0.9098557692307693 0.48677884615384615 0.055288461538461536 0.05048076923076923
0 0.9350961538461539 0.5552884615384616 0.04807692307692308 0.057692307692307696
0 0.9903846153846154 0.53125 0.019230769230769232 0.0673076923076923
0 0.9903846153846154 0.5877403846153846 0.019230769230769232 0.055288461538461536
0 0.9411057692307693 0.65625 0.05048076923076923 0.057692307692307696
0 0.9807692307692307 0.6550480769230769 0.03365384615384615 0.06971153846153846
0 0.9387019230769231 0.6021634615384616 0.055288461538461536 0.05048076923076923
0 0.9170673076923077 0.5432692307692307 0.055288461538461536 0.057692307692307696
0 0.9002403846153846 0.5961538461538461 0.03125 0.057692307692307696
0 0.8990384615384616 0.6502403846153846 0.028846153846153848 0.06009615384615385