0 0.4326923076923077 0.546875 0.34134615384615385 0.18509615384615385
0 0.25841346153846156 0.5901442307692307 0.06009615384615385 0.11298076923076923
0 0.7668269230769231 0.9182692307692307 0.20192307692307693 0.10096153846153846
0 0.6057692307692307 0.953125 0.23076923076923078 0.09375
0 0.2920673076923077 0.5036057692307693 0.2668269230769231 0.1466346153846154
0 0.6009615384615384 0.40384615384615385 0.11538461538461539 0.09134615384615384
0 0.4987980769230769 0.4254807692307692 0.12259615384615384 0.09134615384615384
0 0.484375 0.3605769230769231 0.12740384615384615 0.09134615384615384
0 0.5685096153846154 0.3401442307692308 0.09375 0.09375
0 0.32211538461538464 0.39302884615384615 0.23076923076923078 0.12259615384615384
0 0.3389423076923077 0.46033653846153844 0.22596153846153846 0.11778846153846154