0 0.0733173076923077 0.5649038461538461 0.1466346153846154 0.09134615384615384
0 0.11298076923076923 0.5829326923076923 0.20192307692307693 0.10336538461538461
0 0.19110576923076922 0.6370192307692307 0.20432692307692307 0.1201923076923077
0 0.17668269230769232 0.6983173076923077 0.2091346153846154 0.12740384615384615
0 0.35336538461538464 0.671875 0.1778846153846154 0.12259615384615384
0 0.3389423076923077 0.7259615384615384 0.1778846153846154 0.10576923076923077
0 0.057692307692307696 0.6201923076923077 0.11057692307692307 0.08653846153846154
0 0.057692307692307696 0.6850961538461539 0.11538461538461539 0.08653846153846154
0 0.019230769230769232 0.6153846153846154 0.038461538461538464 0.08173076923076923
0 0.015625 0.6754807692307693 0.03125 0.08653846153846154
0 0.5024038461538461 0.75 0.13942307692307693 0.10576923076923077
0 0.5841346153846154 0.7079326923076923 0.11057692307692307 0.0889423076923077
0 0.5805288461538461 0.7572115384615384 0.0985576923076923 0.08653846153846154
0 0.7680288461538461 0.78125 0.18990384615384615 0.11538461538461539
0 0.8762019230769231 0.8173076923076923 0.12740384615384615 0.10096153846153846
0 0.7091346153846154 0.7223557692307693 0.14903846153846154 0.09375
0 0.8257211538461539 0.7572115384615384 0.14182692307692307 0.09134615384615384
0 0.5384615384615384 0.6694711538461539 0.1201923076923077 0.07932692307692307
0 0.5120192307692307 0.7019230769230769 0.125 0.09134615384615384
0 0.3605769230769231 0.6189903846153846 0.16346153846153846 0.06971153846153846
0 0.6237980769230769 0.6538461538461539 0.08413461538461539 0.0625
0 0.7668269230769231 0.6814903846153846 0.14423076923076922 0.09375
0 0.84375 0.7091346153846154 0.125 0.08653846153846154