0 0.3713942307692308 0.5697115384615384 0.026442307692307692 0.019230769230769232
0 0.39903846153846156 0.5528846153846154 0.04326923076923077 0.019230769230769232
0 0.39903846153846156 0.5649038461538461 0.04326923076923077 0.019230769230769232
0 0.4338942307692308 0.5492788461538461 0.040865384615384616 0.021634615384615384
0 0.4338942307692308 0.5612980769230769 0.040865384615384616 0.01201923076923077
0 0.36658653846153844 0.5540865384615384 0.021634615384615384 0.01201923076923077
0 0.3786057692307692 0.5432692307692307 0.04567307692307692 0.014423076923076924
0 0.3545673076923077 0.5721153846153846 0.016826923076923076 0.014423076923076924
0 0.4735576923076923 0.5576923076923077 0.02403846153846154 0.014423076923076924
0 0.49158653846153844 0.5456730769230769 0.016826923076923076 0.014423076923076924
0 0.49158653846153844 0.5564903846153846 0.016826923076923076 0.01201923076923077
0 0.45072115384615385 0.5324519230769231 0.03125 0.01201923076923077
0 0.4362980769230769 0.5372596153846154 0.03125 0.01201923076923077
0 0.47115384615384615 0.5480769230769231 0.02403846153846154 0.014423076923076924
0 0.36658653846153844 0.5420673076923077 0.036057692307692304 0.016826923076923076
0 0.34134615384615385 0.5444711538461539 0.019230769230769232 0.01201923076923077
0 0.5336538461538461 0.5492788461538461 0.038461538461538464 0.016826923076923076
0 0.5661057692307693 0.5516826923076923 0.040865384615384616 0.016826923076923076
0 0.5168269230769231 0.5396634615384616 0.028846153846153848 0.01201923076923077
0 0.5036057692307693 0.5492788461538461 0.01201923076923077 0.01201923076923077
0 0.5480769230769231 0.5300480769230769 0.028846153846153848 0.01201923076923077
0 0.5276442307692307 0.5276442307692307 0.03125 0.01201923076923077
0 0.4951923076923077 0.5300480769230769 0.014423076923076924 0.01201923076923077
0 0.48197115384615385 0.5324519230769231 0.021634615384615384 0.01201923076923077
0 0.5901442307692307 0.5360576923076923 0.021634615384615384 0.014423076923076924
0 0.5889423076923077 0.546875 0.019230769230769232 0.01201923076923077
0 0.07091346153846154 0.5192307692307693 0.055288461538461536 0.019230769230769232
0 0.06850961538461539 0.5360576923076923 0.05048076923076923 0.019230769230769232
0 0.03125 0.5204326923076923 0.028846153846153848 0.021634615384615384
0 0.030048076923076924 0.5348557692307693 0.03125 0.021634615384615384
0 0.109375 0.5300480769230769 0.03125 0.026442307692307692
0 0.13942307692307693 0.5432692307692307 0.04326923076923077 0.028846153846153848