0 0.3125 0.7740384615384616 0.2932692307692308 0.22115384615384615
0 0.1141826923076923 0.41586538461538464 0.021634615384615384 0.014423076923076924
0 0.11298076923076923 0.4230769230769231 0.02403846153846154 0.014423076923076924
0 0.12740384615384615 0.4182692307692308 0.019230769230769232 0.014423076923076924
0 0.12620192307692307 0.4266826923076923 0.016826923076923076 0.01201923076923077
0 0.1622596153846154 0.41225961538461536 0.03125 0.026442307692307692
0 0.15865384615384615 0.42788461538461536 0.03365384615384615 0.02403846153846154
0 0.19471153846153846 0.4206730769230769 0.04807692307692308 0.028846153846153848
0 0.18990384615384615 0.43509615384615385 0.04807692307692308 0.028846153846153848
0 0.22596153846153846 0.4411057692307692 0.03365384615384615 0.026442307692307692
0 0.25240384615384615 0.45552884615384615 0.038461538461538464 0.021634615384615384
0 0.5228365384615384 0.5408653846153846 0.040865384615384616 0.028846153846153848
0 0.4855769230769231 0.5336538461538461 0.04807692307692308 0.03365384615384615
0 0.5192307692307693 0.5528846153846154 0.04326923076923077 0.02403846153846154
0 0.48677884615384615 0.546875 0.040865384615384616 0.026442307692307692
0 0.45913461538461536 0.5444711538461539 0.03365384615384615 0.026442307692307692
0 0.4567307692307692 0.5288461538461539 0.02403846153846154 0.019230769230769232
0 0.4699519230769231 0.5192307692307693 0.04567307692307692 0.02403846153846154
0 0.45072115384615385 0.515625 0.021634615384615384 0.016826923076923076
0 0.4375 0.5108173076923077 0.019230769230769232 0.016826923076923076
0 0.43990384615384615 0.5384615384615384 0.019230769230769232 0.019230769230769232
0 0.43990384615384615 0.5264423076923077 0.02403846153846154 0.019230769230769232
0 0.5576923076923077 0.5625 0.028846153846153848 0.02403846153846154
0 0.5540865384615384 0.5492788461538461 0.01201923076923077 0.01201923076923077
0 0.5120192307692307 0.5240384615384616 0.02403846153846154 0.014423076923076924
0 0.5396634615384616 0.5300480769230769 0.03125 0.016826923076923076
0 0.5793269230769231 0.5528846153846154 0.014423076923076924 0.014423076923076924
0 0.5865384615384616 0.5576923076923077 0.014423076923076924 0.014423076923076924
0 0.5745192307692307 0.5661057692307693 0.014423076923076924 0.016826923076923076
0 0.5228365384615384 0.5300480769230769 0.036057692307692304 0.016826923076923076
0 0.5697115384615384 0.546875 0.038461538461538464 0.021634615384615384
0 0.6189903846153846 0.5685096153846154 0.04567307692307692 0.026442307692307692
0 0.6478365384615384 0.5793269230769231 0.04567307692307692 0.028846153846153848
0 0.6045673076923077 0.5552884615384616 0.03125 0.019230769230769232
0 0.6165865384615384 0.546875 0.03125 0.021634615384615384
0 0.5853365384615384 0.5384615384615384 0.016826923076923076 0.014423076923076924
0 0.6766826923076923 0.5697115384615384 0.021634615384615384 0.019230769230769232
0 0.6742788461538461 0.5817307692307693 0.021634615384615384 0.019230769230769232