0 0.036057692307692304 0.5649038461538461 0.0625 0.03365384615384615
0 0.036057692307692304 0.5913461538461539 0.057692307692307696 0.03365384615384615
0 0.08052884615384616 0.578125 0.055288461538461536 0.036057692307692304
0 0.1310096153846154 0.5841346153846154 0.05048076923076923 0.019230769230769232
0 0.515625 0.5733173076923077 0.06971153846153846 0.040865384615384616
0 0.5745192307692307 0.5685096153846154 0.057692307692307696 0.036057692307692304
0 0.578125 0.5889423076923077 0.06009615384615385 0.02403846153846154
0 0.5180288461538461 0.5973557692307693 0.06971153846153846 0.036057692307692304
0 0.47716346153846156 0.6069711538461539 0.040865384615384616 0.03125
0 0.4699519230769231 0.5865384615384616 0.036057692307692304 0.028846153846153848
0 0.4483173076923077 0.6105769230769231 0.026442307692307692 0.02403846153846154
0 0.4495192307692308 0.5901442307692307 0.019230769230769232 0.026442307692307692
0 0.4855769230769231 0.5625 0.0625 0.028846153846153848
0 0.47716346153846156 0.5600961538461539 0.06490384615384616 0.028846153846153848
0 0.4651442307692308 0.5637019230769231 0.055288461538461536 0.026442307692307692
0 0.4411057692307692 0.5697115384615384 0.05048076923076923 0.028846153846153848
0 0.6394230769230769 0.5805288461538461 0.04326923076923077 0.03125
0 0.6586538461538461 0.5552884615384616 0.03365384615384615 0.02403846153846154
0 0.6310096153846154 0.5588942307692307 0.03125 0.021634615384615384
0 0.6358173076923077 0.546875 0.036057692307692304 0.016826923076923076
0 0.6826923076923077 0.5588942307692307 0.019230769230769232 0.021634615384615384
0 0.6670673076923077 0.5300480769230769 0.026442307692307692 0.021634615384615384
0 0.5949519230769231 0.5420673076923077 0.05048076923076923 0.03125
0 0.5721153846153846 0.5480769230769231 0.052884615384615384 0.019230769230769232
0 0.5733173076923077 0.5036057692307693 0.03125 0.016826923076923076
0 0.546875 0.5036057692307693 0.03125 0.016826923076923076
0 0.5084134615384616 0.5084134615384616 0.03125 0.016826923076923076
0 0.4891826923076923 0.5108173076923077 0.021634615384615384 0.01201923076923077
0 0.7199519230769231 0.5240384615384616 0.05048076923076923 0.028846153846153848
0 0.7524038461538461 0.5228365384615384 0.04326923076923077 0.026442307692307692
0 0.7379807692307693 0.5564903846153846 0.0673076923076923 0.036057692307692304
0 0.7896634615384616 0.5552884615384616 0.06971153846153846 0.038461538461538464
0 0.8269230769230769 0.5276442307692307 0.03365384615384615 0.026442307692307692
0 0.8257211538461539 0.546875 0.03125 0.026442307692307692