0 0.03365384615384615 0.5492788461538461 0.0625 0.03125
0 0.03245192307692308 0.5733173076923077 0.055288461538461536 0.03125
0 0.07932692307692307 0.5649038461538461 0.052884615384615384 0.03365384615384615
0 0.12860576923076922 0.5709134615384616 0.05048076923076923 0.016826923076923076
0 0.5132211538461539 0.5745192307692307 0.06971153846153846 0.038461538461538464
0 0.5733173076923077 0.5709134615384616 0.055288461538461536 0.036057692307692304
0 0.5745192307692307 0.5913461538461539 0.057692307692307696 0.02403846153846154
0 0.5168269230769231 0.5961538461538461 0.0673076923076923 0.03365384615384615
0 0.4723557692307692 0.6057692307692307 0.040865384615384616 0.028846153846153848
0 0.4675480769230769 0.5853365384615384 0.036057692307692304 0.026442307692307692
0 0.44591346153846156 0.6081730769230769 0.026442307692307692 0.02403846153846154
0 0.44711538461538464 0.5889423076923077 0.019230769230769232 0.02403846153846154
0 0.4831730769230769 0.5612980769230769 0.0625 0.026442307692307692
0 0.47475961538461536 0.5612980769230769 0.06490384615384616 0.026442307692307692
0 0.46274038461538464 0.5612980769230769 0.055288461538461536 0.026442307692307692
0 0.4387019230769231 0.5661057692307693 0.05048076923076923 0.026442307692307692
0 0.6358173076923077 0.5853365384615384 0.040865384615384616 0.03125
0 0.65625 0.5600961538461539 0.03365384615384615 0.02403846153846154
0 0.6274038461538461 0.5625 0.028846153846153848 0.019230769230769232
0 0.6334134615384616 0.5516826923076923 0.036057692307692304 0.016826923076923076
0 0.6802884615384616 0.5661057692307693 0.019230769230769232 0.021634615384615384
0 0.6646634615384616 0.5336538461538461 0.026442307692307692 0.019230769230769232
0 0.5925480769230769 0.5456730769230769 0.05048076923076923 0.028846153846153848
0 0.5697115384615384 0.5492788461538461 0.052884615384615384 0.016826923076923076
0 0.5733173076923077 0.5060096153846154 0.03125 0.016826923076923076
0 0.5456730769230769 0.5060096153846154 0.028846153846153848 0.016826923076923076
0 0.5084134615384616 0.5084134615384616 0.03125 0.016826923076923076
0 0.4891826923076923 0.5108173076923077 0.021634615384615384 0.01201923076923077
0 0.7199519230769231 0.5300480769230769 0.05048076923076923 0.026442307692307692
0 0.7524038461538461 0.5324519230769231 0.04326923076923077 0.026442307692307692
0 0.7355769230769231 0.5649038461538461 0.0673076923076923 0.03365384615384615
0 0.7860576923076923 0.5661057692307693 0.0673076923076923 0.036057692307692304
0 0.8245192307692307 0.5384615384615384 0.03365384615384615 0.02403846153846154
0 0.8257211538461539 0.5564903846153846 0.03125 0.026442307692307692