0 0.07692307692307693 0.6105769230769231 0.15384615384615385 0.07692307692307693
0 0.12379807692307693 0.6237980769230769 0.19951923076923078 0.08413461538461539
0 0.20552884615384615 0.6694711538461539 0.19951923076923078 0.10336538461538461
0 0.19831730769230768 0.7307692307692307 0.20432692307692307 0.11057692307692307
0 0.37259615384615385 0.6862980769230769 0.17307692307692307 0.10817307692307693
0 0.3629807692307692 0.7415865384615384 0.17307692307692307 0.0889423076923077
0 0.07211538461538461 0.6658653846153846 0.10576923076923077 0.07692307692307693
0 0.07932692307692307 0.7319711538461539 0.1201923076923077 0.07451923076923077
0 0.025240384615384616 0.6682692307692307 0.05048076923076923 0.07692307692307693
0 0.02403846153846154 0.7283653846153846 0.04807692307692308 0.08173076923076923
0 0.004807692307692308 0.5985576923076923 0.009615384615384616 0.07211538461538461
0 0.5276442307692307 0.7487980769230769 0.13221153846153846 0.09375
0 0.6057692307692307 0.6983173076923077 0.10576923076923077 0.07932692307692307
0 0.6069711538461539 0.7463942307692307 0.09375 0.07932692307692307
0 0.7956730769230769 0.7512019230769231 0.1875 0.0985576923076923
0 0.9074519230769231 0.7764423076923077 0.12259615384615384 0.09134615384615384
0 0.7307692307692307 0.6983173076923077 0.14423076923076922 0.07932692307692307
0 0.8497596153846154 0.7199519230769231 0.13701923076923078 0.07932692307692307
0 0.5552884615384616 0.6646634615384616 0.11538461538461539 0.06971153846153846
0 0.53125 0.6995192307692307 0.1201923076923077 0.08173076923076923
0 0.37259615384615385 0.6334134615384616 0.16346153846153846 0.055288461538461536
0 0.6394230769230769 0.640625 0.08173076923076923 0.055288461538461536
0 0.7836538461538461 0.6538461538461539 0.13942307692307693 0.08173076923076923
0 0.8641826923076923 0.671875 0.12259615384615384 0.07451923076923077