0 0.9302884615384616 0.5697115384615384 0.13942307692307693 0.125
0 0.9146634615384616 0.6502403846153846 0.14182692307692307 0.11778846153846154
0 0.90625 0.7271634615384616 0.12980769230769232 0.11778846153846154
0 0.8978365384615384 0.8137019230769231 0.11298076923076923 0.11778846153846154
0 0.8834134615384616 0.9098557692307693 0.0985576923076923 0.12259615384615384
0 0.8425480769230769 0.5805288461538461 0.06971153846153846 0.10336538461538461
0 0.8389423076923077 0.6514423076923077 0.07692307692307693 0.10096153846153846
0 0.8377403846153846 0.7307692307692307 0.08413461538461539 0.10576923076923077
0 0.8401442307692307 0.8125 0.09375 0.11538461538461539
0 0.8293269230769231 0.9002403846153846 0.09134615384615384 0.11778846153846154
0 0.7824519230769231 0.8942307692307693 0.06490384615384616 0.10096153846153846
0 0.7860576923076923 0.8100961538461539 0.052884615384615384 0.09134615384615384
0 0.8016826923076923 0.5865384615384616 0.06009615384615385 0.09615384615384616
0 0.7992788461538461 0.6574519230769231 0.055288461538461536 0.0889423076923077
0 0.7908653846153846 0.7331730769230769 0.052884615384615384 0.09615384615384616
0 0.6875 0.4026442307692308 0.2932692307692308 0.2668269230769231
0 0.671875 0.5084134615384616 0.2764423076923077 0.22355769230769232
0 0.6610576923076923 0.6057692307692307 0.2932692307692308 0.22596153846153846
0 0.6430288461538461 0.7295673076923077 0.2956730769230769 0.20432692307692307
0 0.6298076923076923 0.8762019230769231 0.32211538461538464 0.2283653846153846
0 0.39663461538461536 0.18389423076923078 0.4855769230769231 0.36778846153846156
0 0.3581730769230769 0.2932692307692308 0.5144230769230769 0.41346153846153844
0 0.30528846153846156 0.4230769230769231 0.5769230769230769 0.39903846153846156
0 0.2800480769230769 0.578125 0.5600961538461539 0.36778846153846156
0 0.25961538461538464 0.7980769230769231 0.5192307692307693 0.3894230769230769