0 0.8028846153846154 0.46153846153846156 0.052884615384615384 0.0673076923076923
0 0.7980769230769231 0.40384615384615385 0.052884615384615384 0.0625
0 0.7884615384615384 0.34375 0.052884615384615384 0.0625
0 0.7860576923076923 0.28725961538461536 0.04807692307692308 0.06009615384615385
0 0.7764423076923077 0.23317307692307693 0.04807692307692308 0.0625
0 0.7704326923076923 0.17067307692307693 0.05048076923076923 0.0673076923076923
0 0.7668269230769231 0.1141826923076923 0.04326923076923077 0.06009615384615385
0 0.7548076923076923 0.46274038461538464 0.052884615384615384 0.06971153846153846
0 0.7487980769230769 0.4026442307692308 0.055288461538461536 0.06490384615384616
0 0.7439903846153846 0.3425480769230769 0.055288461538461536 0.06490384615384616
0 0.7379807692307693 0.28365384615384615 0.052884615384615384 0.0625
0 0.7331730769230769 0.2283653846153846 0.052884615384615384 0.0673076923076923
0 0.7235576923076923 0.16947115384615385 0.04326923076923077 0.06009615384615385
0 0.7067307692307693 0.46153846153846156 0.04807692307692308 0.0625
0 0.7019230769230769 0.40384615384615385 0.04807692307692308 0.0625
0 0.6947115384615384 0.34615384615384615 0.04807692307692308 0.0625
0 0.6875 0.2860576923076923 0.052884615384615384 0.0673076923076923
0 0.6850961538461539 0.23197115384615385 0.04807692307692308 0.06009615384615385
0 0.6754807692307693 0.17307692307692307 0.04326923076923077 0.0625
0 0.671875 0.11538461538461539 0.040865384615384616 0.052884615384615384
0 0.6574519230769231 0.4639423076923077 0.05048076923076923 0.0673076923076923
0 0.6514423076923077 0.40384615384615385 0.052884615384615384 0.0625
0 0.6442307692307693 0.34375 0.052884615384615384 0.0673076923076923
0 0.6394230769230769 0.28966346153846156 0.052884615384615384 0.06009615384615385
0 0.6322115384615384 0.234375 0.052884615384615384 0.06009615384615385
0 0.6298076923076923 0.17548076923076922 0.04807692307692308 0.0625
0 0.6358173076923077 0.11298076923076923 0.036057692307692304 0.057692307692307696
0 0.6875 0.08413461538461539 0.0673076923076923 0.0625
0 0.6177884615384616 0.055288461538461536 0.0673076923076923 0.057692307692307696
0 0.5697115384615384 0.06009615384615385 0.03365384615384615 0.057692307692307696
0 0.5432692307692307 0.0673076923076923 0.03365384615384615 0.052884615384615384
0 0.6045673076923077 0.11538461538461539 0.036057692307692304 0.0625
0 0.5769230769230769 0.1201923076923077 0.028846153846153848 0.057692307692307696
0 0.5673076923076923 0.20793269230769232 0.08173076923076923 0.07451923076923077
0 0.5745192307692307 0.27283653846153844 0.08173076923076923 0.06971153846153846
0 0.5817307692307693 0.328125 0.07211538461538461 0.06490384615384616
0 0.5925480769230769 0.390625 0.06009615384615385 0.06490384615384616
0 0.6021634615384616 0.4519230769230769 0.06490384615384616 0.07211538461538461
0 0.5396634615384616 0.15504807692307693 0.06490384615384616 0.06009615384615385
0 0.5192307692307693 0.07211538461538461 0.03365384615384615 0.057692307692307696
0 0.49158653846153844 0.07211538461538461 0.036057692307692304 0.0625
0 0.5144230769230769 0.46634615384615385 0.052884615384615384 0.0673076923076923
0 0.5072115384615384 0.4014423076923077 0.052884615384615384 0.0673076923076923
0 0.4987980769230769 0.3401442307692308 0.055288461538461536 0.06490384615384616
0 0.49399038461538464 0.2800480769230769 0.055288461538461536 0.06009615384615385
0 0.4855769230769231 0.21875 0.057692307692307696 0.0673076923076923
0 0.4795673076923077 0.15985576923076922 0.055288461538461536 0.055288461538461536
0 0.46274038461538464 0.08653846153846154 0.036057692307692304 0.057692307692307696
0 0.4338942307692308 0.08653846153846154 0.036057692307692304 0.057692307692307696
0 0.4266826923076923 0.1622596153846154 0.06490384615384616 0.06490384615384616
0 0.43509615384615385 0.21875 0.0625 0.07211538461538461
0 0.46033653846153844 0.46634615384615385 0.06490384615384616 0.07211538461538461
0 0.453125 0.4014423076923077 0.06490384615384616 0.07211538461538461
0 0.4495192307692308 0.34375 0.057692307692307696 0.07211538461538461
0 0.4423076923076923 0.27884615384615385 0.0625 0.07211538461538461
0 0.40625 0.47115384615384615 0.057692307692307696 0.07211538461538461
0 0.39903846153846156 0.4074519230769231 0.0625 0.07451923076923077
0 0.390625 0.3425480769230769 0.06490384615384616 0.06490384615384616
0 0.38100961538461536 0.2800480769230769 0.06490384615384616 0.07451923076923077
0 0.375 0.21634615384615385 0.0625 0.07211538461538461
0 0.3701923076923077 0.15625 0.0625 0.0673076923076923
0 0.37259615384615385 0.11177884615384616 0.08173076923076923 0.05048076923076923
0 0.22956730769230768 0.08413461538461539 0.08413461538461539 0.07692307692307693
0 0.23918269230769232 0.1466346153846154 0.0889423076923077 0.08653846153846154
0 0.3112980769230769 0.15625 0.06971153846153846 0.07692307692307693
0 0.31850961538461536 0.21875 0.06490384615384616 0.07211538461538461
0 0.3233173076923077 0.27884615384615385 0.06971153846153846 0.07692307692307693
0 0.3329326923076923 0.34375 0.06971153846153846 0.07692307692307693
0 0.33774038461538464 0.4110576923076923 0.06971153846153846 0.07692307692307693
0 0.3473557692307692 0.4735576923076923 0.06971153846153846 0.07211538461538461
0 0.25841346153846156 0.21514423076923078 0.06490384615384616 0.07451923076923077
0 0.26802884615384615 0.2800480769230769 0.06490384615384616 0.07451923076923077
0 0.27283653846153844 0.34615384615384615 0.06490384615384616 0.07211538461538461
0 0.28125 0.4074519230769231 0.0673076923076923 0.07932692307692307
0 0.28725961538461536 0.47596153846153844 0.06490384615384616 0.07211538461538461
0 0.22956730769230768 0.47836538461538464 0.06490384615384616 0.0673076923076923
0 0.22235576923076922 0.41586538461538464 0.06490384615384616 0.0673076923076923
0 0.21514423076923078 0.35336538461538464 0.06490384615384616 0.0673076923076923
0 0.20793269230769232 0.29086538461538464 0.06490384615384616 0.07211538461538461
0 0.19951923076923078 0.22716346153846154 0.07211538461538461 0.06490384615384616
0 0.19110576923076922 0.1658653846153846 0.06490384615384616 0.0673076923076923
0 0.13822115384615385 0.10336538461538461 0.08413461538461539 0.057692307692307696
0 0.16947115384615385 0.4831730769230769 0.06490384615384616 0.07211538461538461
0 0.15985576923076922 0.41225961538461536 0.06490384615384616 0.07451923076923077
0 0.1502403846153846 0.34615384615384615 0.06490384615384616 0.07211538461538461
0 0.14182692307692307 0.2800480769230769 0.07211538461538461 0.06971153846153846
0 0.13701923076923078 0.21634615384615385 0.07692307692307693 0.08173076923076923
0 0.12980769230769232 0.15625 0.07692307692307693 0.07211538461538461
0 0.0985576923076923 0.4831730769230769 0.07211538461538461 0.07692307692307693
0 0.0889423076923077 0.41346153846153844 0.07692307692307693 0.07692307692307693
0 0.08413461538461539 0.3485576923076923 0.07211538461538461 0.07211538461538461
0 0.07932692307692307 0.28125 0.08173076923076923 0.08653846153846154
0 0.0673076923076923 0.2091346153846154 0.08173076923076923 0.08173076923076923
0 0.06009615384615385 0.1466346153846154 0.08173076923076923 0.08653846153846154
0 0.03485576923076923 0.4879807692307692 0.06971153846153846 0.07692307692307693
0 0.03125 0.4170673076923077 0.0625 0.08413461538461539
0 0.026442307692307692 0.3485576923076923 0.052884615384615384 0.07211538461538461
0 0.02283653846153846 0.28125 0.04567307692307692 0.08173076923076923
0 0.020432692307692308 0.20793269230769232 0.040865384615384616 0.08413461538461539
0 0.014423076923076924 0.13942307692307693 0.028846153846153848 0.07692307692307693