0 0.7992788461538461 0.5673076923076923 0.06009615384615385 0.07211538461538461
0 0.8137019230769231 0.5096153846153846 0.06009615384615385 0.0673076923076923
0 0.8257211538461539 0.4519230769230769 0.06009615384615385 0.0673076923076923
0 0.8401442307692307 0.39783653846153844 0.055288461538461536 0.06490384615384616
0 0.8521634615384616 0.34375 0.055288461538461536 0.0673076923076923
0 0.8677884615384616 0.28365384615384615 0.057692307692307696 0.07211538461538461
0 0.8834134615384616 0.2283653846153846 0.05048076923076923 0.0625
0 0.7524038461538461 0.5516826923076923 0.0625 0.07451923076923077
0 0.7668269230769231 0.49399038461538464 0.0625 0.06971153846153846
0 0.7836538461538461 0.4362980769230769 0.0625 0.06971153846153846
0 0.7992788461538461 0.3798076923076923 0.06009615384615385 0.0673076923076923
0 0.8112980769230769 0.32211538461538464 0.06009615384615385 0.07211538461538461
0 0.8233173076923077 0.2668269230769231 0.05048076923076923 0.0625
0 0.7079326923076923 0.5336538461538461 0.055288461538461536 0.0673076923076923
0 0.7247596153846154 0.47836538461538464 0.055288461538461536 0.0673076923076923
0 0.734375 0.4230769230769231 0.055288461538461536 0.0673076923076923
0 0.7512019230769231 0.3629807692307692 0.06009615384615385 0.07211538461538461
0 0.765625 0.3112980769230769 0.055288461538461536 0.06490384615384616
0 0.7776442307692307 0.2548076923076923 0.05048076923076923 0.0673076923076923
0 0.7944711538461539 0.1971153846153846 0.04567307692307692 0.057692307692307696
0 0.6586538461538461 0.5192307692307693 0.057692307692307696 0.07211538461538461
0 0.6742788461538461 0.46153846153846156 0.06009615384615385 0.0673076923076923
0 0.6887019230769231 0.40384615384615385 0.06009615384615385 0.07211538461538461
0 0.7019230769230769 0.34975961538461536 0.057692307692307696 0.06490384615384616
0 0.7139423076923077 0.296875 0.057692307692307696 0.06490384615384616
0 0.7319711538461539 0.2403846153846154 0.055288461538461536 0.0673076923076923
0 0.7596153846153846 0.1814903846153846 0.04326923076923077 0.06009615384615385
0 0.8185096153846154 0.17427884615384615 0.07451923076923077 0.06971153846153846
0 0.7620192307692307 0.12139423076923077 0.07211538461538461 0.06490384615384616
0 0.7175480769230769 0.11177884615384616 0.040865384615384616 0.06009615384615385
0 0.6875 0.109375 0.038461538461538464 0.055288461538461536
0 0.7295673076923077 0.17427884615384615 0.04567307692307692 0.06490384615384616
0 0.703125 0.16706730769230768 0.036057692307692304 0.06009615384615385
0 0.6646634615384616 0.25 0.0889423076923077 0.08173076923076923
0 0.6490384615384616 0.3112980769230769 0.08653846153846154 0.07932692307692307
0 0.6358173076923077 0.36778846153846156 0.07932692307692307 0.07211538461538461
0 0.625 0.42908653846153844 0.0673076923076923 0.06971153846153846
0 0.6129807692307693 0.4891826923076923 0.07211538461538461 0.07932692307692307
0 0.6550480769230769 0.1875 0.06971153846153846 0.0673076923076923
0 0.6646634615384616 0.10216346153846154 0.040865384615384616 0.06009615384615385
0 0.6382211538461539 0.09495192307692307 0.04567307692307692 0.06490384615384616
0 0.5252403846153846 0.47115384615384615 0.06009615384615385 0.07211538461538461
0 0.5420673076923077 0.4110576923076923 0.06009615384615385 0.07211538461538461
0 0.5552884615384616 0.34975961538461536 0.0625 0.06971153846153846
0 0.5697115384615384 0.28966346153846156 0.0625 0.06490384615384616
0 0.5829326923076923 0.23076923076923078 0.06490384615384616 0.07211538461538461
0 0.5973557692307693 0.17427884615384615 0.06009615384615385 0.06009615384615385
0 0.6081730769230769 0.09735576923076923 0.04326923076923077 0.06009615384615385
0 0.5793269230769231 0.08774038461538461 0.04326923076923077 0.06009615384615385
0 0.5456730769230769 0.15865384615384615 0.07211538461538461 0.07211538461538461
0 0.5372596153846154 0.21394230769230768 0.06971153846153846 0.07692307692307693
0 0.4735576923076923 0.45552884615384615 0.07211538461538461 0.07932692307692307
0 0.49038461538461536 0.390625 0.07211538461538461 0.07932692307692307
0 0.5060096153846154 0.33413461538461536 0.06490384615384616 0.07692307692307693
0 0.5204326923076923 0.27403846153846156 0.06971153846153846 0.07692307692307693
0 0.421875 0.4423076923076923 0.06490384615384616 0.07692307692307693
0 0.4362980769230769 0.37740384615384615 0.06971153846153846 0.08173076923076923
0 0.4495192307692308 0.31490384615384615 0.07211538461538461 0.07211538461538461
0 0.46274038461538464 0.25240384615384615 0.07451923076923077 0.08173076923076923
0 0.4795673076923077 0.18990384615384615 0.06971153846153846 0.07692307692307693
0 0.4963942307692308 0.1310096153846154 0.06971153846153846 0.07451923076923077
0 0.5120192307692307 0.09254807692307693 0.08653846153846154 0.06009615384615385
0 0.38822115384615385 0.028846153846153848 0.09375 0.057692307692307696
0 0.3762019230769231 0.07932692307692307 0.0985576923076923 0.09615384615384616
0 0.43990384615384615 0.11298076923076923 0.07692307692307693 0.08173076923076923
0 0.4254807692307692 0.17427884615384615 0.07211538461538461 0.07932692307692307
0 0.4110576923076923 0.23317307692307693 0.07692307692307693 0.08173076923076923
0 0.39663461538461536 0.2956730769230769 0.07692307692307693 0.08173076923076923
0 0.37740384615384615 0.3605769230769231 0.07692307692307693 0.08173076923076923
0 0.36538461538461536 0.421875 0.07692307692307693 0.07932692307692307
0 0.36899038461538464 0.14903846153846154 0.07451923076923077 0.08173076923076923
0 0.35697115384615385 0.21394230769230768 0.07451923076923077 0.08173076923076923
0 0.34134615384615385 0.2776442307692308 0.07211538461538461 0.07932692307692307
0 0.32572115384615385 0.3389423076923077 0.07451923076923077 0.08653846153846154
0 0.31009615384615385 0.4050480769230769 0.07211538461538461 0.07932692307692307
0 0.25240384615384615 0.3858173076923077 0.07211538461538461 0.07451923076923077
0 0.2668269230769231 0.32572115384615385 0.07211538461538461 0.07451923076923077
0 0.28365384615384615 0.265625 0.07211538461538461 0.07451923076923077
0 0.2980769230769231 0.203125 0.07211538461538461 0.07932692307692307
0 0.3112980769230769 0.14182692307692307 0.07932692307692307 0.07211538461538461
0 0.3245192307692308 0.08052884615384616 0.07211538461538461 0.07451923076923077
0 0.29447115384615385 0.016826923076923076 0.0889423076923077 0.03365384615384615
0 0.19471153846153846 0.36899038461538464 0.07211538461538461 0.07932692307692307
0 0.21033653846153846 0.30288461538461536 0.07451923076923077 0.08173076923076923
0 0.22596153846153846 0.234375 0.07211538461538461 0.07932692307692307
0 0.23918269230769232 0.17067307692307693 0.07932692307692307 0.07692307692307693
0 0.25721153846153844 0.109375 0.08653846153846154 0.0889423076923077
0 0.2704326923076923 0.05048076923076923 0.08413461538461539 0.08173076923076923
0 0.12740384615384615 0.3473557692307692 0.08173076923076923 0.08413461538461539
0 0.14302884615384615 0.2800480769230769 0.08413461538461539 0.08413461538461539
0 0.15985576923076922 0.21514423076923078 0.07932692307692307 0.07932692307692307
0 0.18028846153846154 0.1502403846153846 0.09134615384615384 0.09375
0 0.19230769230769232 0.07932692307692307 0.09134615384615384 0.09134615384615384
0 0.20673076923076922 0.03125 0.09134615384615384 0.0625
0 0.06370192307692307 0.33052884615384615 0.08413461538461539 0.08413461538461539
0 0.08173076923076923 0.2608173076923077 0.08653846153846154 0.09375
0 0.10096153846153846 0.1935096153846154 0.07692307692307693 0.07932692307692307
0 0.11538461538461539 0.12620192307692307 0.08173076923076923 0.0889423076923077
0 0.1346153846153846 0.056490384615384616 0.08653846153846154 0.09375
0 0.1466346153846154 0.015625 0.08173076923076923 0.03125