0 0.796875 0.4254807692307692 0.06009615384615385 0.07211538461538461
0 0.7824519230769231 0.36778846153846156 0.06009615384615385 0.0673076923076923
0 0.7680288461538461 0.31009615384615385 0.06009615384615385 0.0673076923076923
0 0.7584134615384616 0.2548076923076923 0.055288461538461536 0.0625
0 0.7415865384615384 0.19951923076923078 0.055288461538461536 0.0673076923076923
0 0.7295673076923077 0.140625 0.055288461538461536 0.06971153846153846
0 0.7175480769230769 0.08413461538461539 0.05048076923076923 0.0625
0 0.7487980769230769 0.43149038461538464 0.06009615384615385 0.07451923076923077
0 0.7355769230769231 0.3713942307692308 0.0625 0.06971153846153846
0 0.7235576923076923 0.3137019230769231 0.0625 0.06971153846153846
0 0.7103365384615384 0.25721153846153844 0.06009615384615385 0.0673076923076923
0 0.6983173076923077 0.20192307692307693 0.06009615384615385 0.07211538461538461
0 0.6814903846153846 0.14423076923076922 0.05048076923076923 0.0625
0 0.7007211538461539 0.43509615384615385 0.055288461538461536 0.0673076923076923
0 0.6887019230769231 0.3798076923076923 0.055288461538461536 0.0673076923076923
0 0.6742788461538461 0.3245192307692308 0.055288461538461536 0.0673076923076923
0 0.6598557692307693 0.2644230769230769 0.06009615384615385 0.07211538461538461
0 0.6502403846153846 0.21153846153846154 0.055288461538461536 0.0625
0 0.6358173076923077 0.15504807692307693 0.05048076923076923 0.06490384615384616
0 0.6237980769230769 0.09615384615384616 0.04567307692307692 0.057692307692307696
0 0.6502403846153846 0.44591346153846156 0.055288461538461536 0.06971153846153846
0 0.6382211538461539 0.3870192307692308 0.06009615384615385 0.0673076923076923
0 0.6237980769230769 0.3269230769230769 0.06009615384615385 0.07211538461538461
0 0.6129807692307693 0.27524038461538464 0.057692307692307696 0.06490384615384616
0 0.5985576923076923 0.22235576923076922 0.057692307692307696 0.06490384615384616
0 0.5901442307692307 0.16346153846153846 0.055288461538461536 0.0673076923076923
0 0.5889423076923077 0.09975961538461539 0.04326923076923077 0.06009615384615385
0 0.6334134615384616 0.06490384615384616 0.07451923076923077 0.0673076923076923
0 0.5625 0.04326923076923077 0.07211538461538461 0.0625
0 0.5168269230769231 0.056490384615384616 0.038461538461538464 0.06009615384615385
0 0.49038461538461536 0.06610576923076923 0.038461538461538464 0.055288461538461536
0 0.5552884615384616 0.1045673076923077 0.04326923076923077 0.06490384615384616
0 0.5300480769230769 0.11177884615384616 0.036057692307692304 0.06009615384615385
0 0.53125 0.20192307692307693 0.08653846153846154 0.08173076923076923
0 0.5456730769230769 0.2644230769230769 0.08653846153846154 0.07692307692307693
0 0.5625 0.31971153846153844 0.07692307692307693 0.07211538461538461
0 0.5793269230769231 0.38100961538461536 0.0673076923076923 0.06971153846153846
0 0.5961538461538461 0.43990384615384615 0.07211538461538461 0.07692307692307693
0 0.4963942307692308 0.15144230769230768 0.06971153846153846 0.0673076923076923
0 0.46634615384615385 0.07091346153846154 0.038461538461538464 0.06009615384615385
0 0.4375 0.07572115384615384 0.04326923076923077 0.06490384615384616
0 0.5108173076923077 0.4639423076923077 0.06009615384615385 0.07211538461538461
0 0.4963942307692308 0.4014423076923077 0.06009615384615385 0.07211538461538461
0 0.4807692307692308 0.3401442307692308 0.0625 0.06971153846153846
0 0.46634615384615385 0.2824519230769231 0.0625 0.06490384615384616
0 0.4519230769230769 0.22355769230769232 0.0625 0.07211538461538461
0 0.4387019230769231 0.16466346153846154 0.06009615384615385 0.06009615384615385
0 0.41346153846153844 0.09495192307692307 0.04326923076923077 0.06009615384615385
0 0.38221153846153844 0.09735576923076923 0.04326923076923077 0.06009615384615385
0 0.3858173076923077 0.17427884615384615 0.06971153846153846 0.06971153846153846
0 0.4026442307692308 0.2283653846153846 0.06971153846153846 0.07692307692307693
0 0.4567307692307692 0.4735576923076923 0.07211538461538461 0.07692307692307693
0 0.43990384615384615 0.40865384615384615 0.07211538461538461 0.07692307692307693
0 0.42908653846153844 0.35096153846153844 0.06490384615384616 0.07692307692307693
0 0.41466346153846156 0.28846153846153844 0.06971153846153846 0.07692307692307693
0 0.4026442307692308 0.4831730769230769 0.06490384615384616 0.07692307692307693
0 0.38822115384615385 0.41947115384615385 0.06971153846153846 0.07932692307692307
0 0.3713942307692308 0.35697115384615385 0.06971153846153846 0.06971153846153846
0 0.3557692307692308 0.2956730769230769 0.07211538461538461 0.08173076923076923
0 0.3401442307692308 0.23317307692307693 0.06971153846153846 0.07692307692307693
0 0.3293269230769231 0.17427884615384615 0.0673076923076923 0.07451923076923077
0 0.3245192307692308 0.1310096153846154 0.08653846153846154 0.06009615384615385
0 0.18269230769230768 0.1201923076923077 0.09134615384615384 0.08653846153846154
0 0.19951923076923078 0.1814903846153846 0.09615384615384616 0.09375
0 0.27163461538461536 0.18269230769230768 0.07692307692307693 0.08173076923076923
0 0.28365384615384615 0.24278846153846154 0.07211538461538461 0.07692307692307693
0 0.2980769230769231 0.30288461538461536 0.07692307692307693 0.08173076923076923
0 0.31490384615384615 0.36538461538461536 0.07692307692307693 0.08173076923076923
0 0.3269230769230769 0.43028846153846156 0.07692307692307693 0.08173076923076923
0 0.34375 0.49158653846153844 0.07692307692307693 0.07932692307692307
0 0.22596153846153846 0.24759615384615385 0.07211538461538461 0.08173076923076923
0 0.24278846153846154 0.31009615384615385 0.07211538461538461 0.08173076923076923
0 0.25721153846153844 0.375 0.07211538461538461 0.07692307692307693
0 0.2704326923076923 0.43509615384615385 0.07451923076923077 0.08653846153846154
0 0.2860576923076923 0.5024038461538461 0.07211538461538461 0.07692307692307693
0 0.2283653846153846 0.5108173076923077 0.07211538461538461 0.07451923076923077
0 0.21394230769230768 0.45072115384615385 0.07211538461538461 0.07451923076923077
0 0.19951923076923078 0.390625 0.07211538461538461 0.07451923076923077
0 0.18509615384615385 0.3269230769230769 0.07211538461538461 0.07692307692307693
0 0.16826923076923078 0.2668269230769231 0.07692307692307693 0.07211538461538461
0 0.15384615384615385 0.20552884615384615 0.07211538461538461 0.07451923076923077
0 0.09134615384615384 0.14903846153846154 0.08653846153846154 0.0673076923076923
0 0.16826923076923078 0.5240384615384616 0.07211538461538461 0.07692307692307693
0 0.15144230769230768 0.4543269230769231 0.07211538461538461 0.08173076923076923
0 0.1346153846153846 0.3894230769230769 0.07211538461538461 0.07692307692307693
0 0.11658653846153846 0.3269230769230769 0.07932692307692307 0.07692307692307693
0 0.1045673076923077 0.26322115384615385 0.08413461538461539 0.0889423076923077
0 0.09134615384615384 0.203125 0.08173076923076923 0.07932692307692307
0 0.09735576923076923 0.5336538461538461 0.07932692307692307 0.08173076923076923
0 0.08052884615384616 0.4651442307692308 0.08413461538461539 0.08413461538461539
0 0.06850961538461539 0.40024038461538464 0.07932692307692307 0.07932692307692307
0 0.055288461538461536 0.3329326923076923 0.09134615384615384 0.09375
0 0.039663461538461536 0.26322115384615385 0.07932692307692307 0.0889423076923077
0 0.03245192307692308 0.20072115384615385 0.06490384615384616 0.09375
0 0.037259615384615384 0.5444711538461539 0.07451923076923077 0.08413461538461539
0 0.030048076923076924 0.47596153846153844 0.06009615384615385 0.09134615384615384
0 0.020432692307692308 0.4074519230769231 0.040865384615384616 0.07932692307692307
0 0.013221153846153846 0.34134615384615385 0.026442307692307692 0.08653846153846154