0 0.7355769230769231 0.3173076923076923 0.4567307692307692 0.5288461538461539
0 0.9519230769230769 0.24278846153846154 0.09615384615384616 0.16826923076923078
0 0.8125 0.41225961538461536 0.375 0.3629807692307692
0 0.7596153846153846 0.5697115384615384 0.46153846153846156 0.38461538461538464
0 0.7439903846153846 0.6947115384615384 0.49278846153846156 0.3894230769230769
0 0.7151442307692307 0.8509615384615384 0.44471153846153844 0.2980769230769231
0 0.4098557692307692 0.33413461538461536 0.13701923076923078 0.15384615384615385
0 0.31490384615384615 0.40384615384615385 0.15865384615384615 0.16346153846153846
0 0.28125 0.5288461538461539 0.15865384615384615 0.14903846153846154
0 0.2403846153846154 0.6574519230769231 0.16346153846153846 0.18509615384615385
0 0.17427884615384615 0.7800480769230769 0.11298076923076923 0.15625
0 0.42908653846153844 0.5769230769230769 0.10817307692307693 0.1346153846153846
0 0.48677884615384615 0.5985576923076923 0.10336538461538461 0.125
0 0.40384615384615385 0.44591346153846156 0.10576923076923077 0.12259615384615384
0 0.10817307692307693 0.7704326923076923 0.10096153846153846 0.12259615384615384
0 0.1346153846153846 0.6838942307692307 0.09615384615384616 0.10817307692307693
0 0.15985576923076922 0.6021634615384616 0.0985576923076923 0.11298076923076923
0 0.18389423076923078 0.5240384615384616 0.0889423076923077 0.10096153846153846
0 0.21634615384615385 0.4362980769230769 0.10096153846153846 0.12259615384615384