0 0.14543269230769232 0.5 0.13701923076923078 0.09615384615384616
0 0.13822115384615385 0.5901442307692307 0.13701923076923078 0.10817307692307693
0 0.22596153846153846 0.5925480769230769 0.052884615384615384 0.10817307692307693
0 0.2644230769230769 0.5949519230769231 0.04326923076923077 0.10817307692307693
0 0.30288461538461536 0.5961538461538461 0.052884615384615384 0.09615384615384616
0 0.5060096153846154 0.4495192307692308 0.18028846153846154 0.10576923076923077
0 0.4675480769230769 0.5264423076923077 0.16105769230769232 0.10576923076923077
0 0.44711538461538464 0.609375 0.12980769230769232 0.10336538461538461
0 0.6430288461538461 0.5216346153846154 0.19951923076923078 0.1201923076923077
0 0.6189903846153846 0.6274038461538461 0.23798076923076922 0.13942307692307693
0 0.8617788461538461 0.48677884615384615 0.2764423076923077 0.18509615384615385
0 0.8581730769230769 0.6430288461538461 0.27403846153846156 0.18509615384615385