0 0.765625 0.5661057692307693 0.35336538461538464 0.3870192307692308
0 0.7427884615384616 0.4230769230769231 0.3317307692307692 0.3798076923076923
0 0.7307692307692307 0.29927884615384615 0.32211538461538464 0.37259615384615385
0 0.7127403846153846 0.18990384615384615 0.3004807692307692 0.36538461538461536
0 0.6971153846153846 0.1310096153846154 0.27403846153846156 0.2620192307692308
0 0.6550480769230769 0.08052884615384616 0.18028846153846154 0.16105769230769232
0 0.453125 0.7896634615384616 0.25721153846153844 0.29086538461538464
0 0.4567307692307692 0.6574519230769231 0.2548076923076923 0.2860576923076923
0 0.4579326923076923 0.546875 0.24759615384615385 0.2860576923076923
0 0.46153846153846156 0.4411057692307692 0.23557692307692307 0.28125
0 0.46274038461538464 0.35216346153846156 0.24278846153846154 0.28125
0 0.45913461538461536 0.2548076923076923 0.21634615384615385 0.25961538461538464
0 0.234375 0.9122596153846154 0.17548076923076922 0.17548076923076922
0 0.24278846153846154 0.8257211538461539 0.18269230769230768 0.2283653846153846
0 0.2548076923076923 0.7247596153846154 0.1875 0.2283653846153846
0 0.25961538461538464 0.6766826923076923 0.17307692307692307 0.14182692307692307
0 0.27283653846153844 0.5384615384615384 0.17548076923076922 0.21634615384615385
0 0.26322115384615385 0.6310096153846154 0.18028846153846154 0.2283653846153846
0 0.28125 0.4543269230769231 0.16826923076923078 0.22115384615384615
0 0.10336538461538461 0.9254807692307693 0.11538461538461539 0.14903846153846154
0 0.109375 0.8485576923076923 0.13221153846153846 0.1875
0 0.11899038461538461 0.7572115384615384 0.12740384615384615 0.16346153846153846
0 0.13341346153846154 0.6742788461538461 0.12740384615384615 0.18028846153846154
0 0.13581730769230768 0.6045673076923077 0.11778846153846154 0.17548076923076922