0 0.7451923076923077 0.6201923076923077 0.39903846153846156 0.42788461538461536
0 0.7524038461538461 0.47596153846153844 0.3798076923076923 0.4182692307692308
0 0.7680288461538461 0.35216346153846156 0.36778846153846156 0.4110576923076923
0 0.7716346153846154 0.24158653846153846 0.34615384615384615 0.4014423076923077
0 0.7728365384615384 0.17427884615384615 0.30528846153846156 0.30528846153846156
0 0.7391826923076923 0.1201923076923077 0.19951923076923078 0.1875
0 0.3954326923076923 0.7728365384615384 0.29086538461538464 0.31971153846153844
0 0.42427884615384615 0.6466346153846154 0.29086538461538464 0.3173076923076923
0 0.4495192307692308 0.5372596153846154 0.28365384615384615 0.31490384615384615
0 0.4735576923076923 0.4338942307692308 0.2692307692307692 0.31009615384615385
0 0.49278846153846156 0.3473557692307692 0.27884615384615385 0.31009615384615385
0 0.5108173076923077 0.2512019230769231 0.24759615384615385 0.2860576923076923
0 0.15384615384615385 0.8557692307692307 0.1971153846153846 0.20673076923076922
0 0.18028846153846154 0.7644230769230769 0.21153846153846154 0.25
0 0.21394230769230768 0.6682692307692307 0.21634615384615385 0.25
0 0.22716346153846154 0.6225961538461539 0.18990384615384615 0.16346153846153846
0 0.27163461538461536 0.4891826923076923 0.20192307692307693 0.23798076923076922
0 0.2403846153846154 0.5793269230769231 0.20673076923076922 0.25
0 0.29447115384615385 0.4110576923076923 0.19471153846153846 0.2403846153846154
0 0.04567307692307692 0.8353365384615384 0.09134615384615384 0.16105769230769232
0 0.06129807692307692 0.7596153846153846 0.12259615384615384 0.20192307692307693
0 0.0733173076923077 0.6730769230769231 0.1466346153846154 0.1778846153846154
0 0.10576923076923077 0.5925480769230769 0.14903846153846154 0.19471153846153846
0 0.12139423076923077 0.5276442307692307 0.14182692307692307 0.18990384615384615