0 0.20673076923076922 0.7211538461538461 0.34615384615384615 0.24519230769230768
0 0.6418269230769231 0.47836538461538464 0.2932692307692308 0.125
0 0.11298076923076923 0.12259615384615384 0.15384615384615385 0.057692307692307696
0 0.11177884615384616 0.17908653846153846 0.15625 0.07451923076923077
0 0.109375 0.234375 0.15144230769230768 0.06971153846153846
0 0.10576923076923077 0.29086538461538464 0.14903846153846154 0.0673076923076923
0 0.10336538461538461 0.34975961538461536 0.15384615384615385 0.06490384615384616
0 0.10096153846153846 0.4050480769230769 0.14903846153846154 0.06971153846153846
0 0.1045673076923077 0.46274038461538464 0.15625 0.06490384615384616
0 0.26322115384615385 0.12860576923076922 0.13221153846153846 0.05048076923076923
0 0.25841346153846156 0.18028846153846154 0.11778846153846154 0.0625
0 0.25961538461538464 0.23557692307692307 0.125 0.0625
0 0.25721153846153844 0.28846153846153844 0.12980769230769232 0.0625
0 0.25600961538461536 0.34134615384615385 0.12740384615384615 0.0673076923076923
0 0.2548076923076923 0.40024038461538464 0.125 0.07932692307692307
0 0.2536057692307692 0.46274038461538464 0.12259615384615384 0.07451923076923077
0 0.6490384615384616 0.20072115384615385 0.16826923076923078 0.07451923076923077
0 0.6490384615384616 0.26322115384615385 0.17307692307692307 0.07451923076923077
0 0.6502403846153846 0.32572115384615385 0.17067307692307693 0.07451923076923077
0 0.4411057692307692 0.3942307692307692 0.09375 0.0625
0 0.44350961538461536 0.4579326923076923 0.0985576923076923 0.06971153846153846