0 0.828125 0.7019230769230769 0.34375 0.5144230769230769
0 0.8858173076923077 0.27283653846153844 0.2283653846153846 0.4735576923076923
0 0.7307692307692307 0.14302884615384615 0.4423076923076923 0.2860576923076923
0 0.5228365384615384 0.08533653846153846 0.3245192307692308 0.17067307692307693
0 0.31971153846153844 0.0733173076923077 0.125 0.11298076923076923
0 0.21875 0.13822115384615385 0.15384615384615385 0.18028846153846154
0 0.14182692307692307 0.21514423076923078 0.08653846153846154 0.11298076923076923
0 0.0733173076923077 0.27163461538461536 0.13701923076923078 0.12980769230769232
0 0.6478365384615384 0.38341346153846156 0.44471153846153844 0.44471153846153844
0 0.43149038461538464 0.2439903846153846 0.33413461538461536 0.35336538461538464
0 0.2980769230769231 0.18629807692307693 0.2403846153846154 0.27163461538461536
0 0.15144230769230768 0.30528846153846156 0.16826923076923078 0.1875
0 0.23918269230769232 0.3786057692307692 0.2283653846153846 0.24759615384615385
0 0.36538461538461536 0.5 0.2980769230769231 0.3173076923076923
0 0.5588942307692307 0.7680288461538461 0.40625 0.45913461538461536
0 0.29086538461538464 0.7848557692307693 0.27403846153846156 0.3245192307692308
0 0.11778846153846154 0.8052884615384616 0.16826923076923078 0.24519230769230768
0 0.171875 0.5817307692307693 0.19471153846153846 0.23076923076923078
0 0.06009615384615385 0.6346153846153846 0.11057692307692307 0.17307692307692307
0 0.11538461538461539 0.4639423076923077 0.1201923076923077 0.16826923076923078
0 0.09375 0.41947115384615385 0.10096153846153846 0.12259615384615384
0 0.037259615384615384 0.3786057692307692 0.07451923076923077 0.12259615384615384
0 0.026442307692307692 0.4807692307692308 0.052884615384615384 0.10576923076923077