0 0.9362980769230769 0.20072115384615385 0.06971153846153846 0.11298076923076923
0 0.9362980769230769 0.3076923076923077 0.06971153846153846 0.125
0 0.9362980769230769 0.4110576923076923 0.07451923076923077 0.125
0 0.9362980769230769 0.5072115384615384 0.07451923076923077 0.12980769230769232
0 0.9362980769230769 0.6129807692307693 0.06971153846153846 0.12980769230769232
0 0.8701923076923077 0.2247596153846154 0.0673076923076923 0.09375
0 0.8677884615384616 0.3161057692307692 0.0625 0.13221153846153846
0 0.8653846153846154 0.4230769230769231 0.0625 0.125
0 0.8677884615384616 0.5132211538461539 0.0673076923076923 0.11298076923076923
0 0.8689903846153846 0.5877403846153846 0.06971153846153846 0.11298076923076923
0 0.8028846153846154 0.2692307692307692 0.057692307692307696 0.125
0 0.8076923076923077 0.36538461538461536 0.0625 0.10576923076923077
0 0.8052884615384616 0.4567307692307692 0.0625 0.10096153846153846
0 0.8076923076923077 0.5504807692307693 0.0625 0.125
0 0.8341346153846154 0.18509615384615385 0.125 0.057692307692307696
0 0.7475961538461539 0.20552884615384615 0.057692307692307696 0.09375
0 0.7463942307692307 0.27884615384615385 0.055288461538461536 0.08653846153846154
0 0.7475961538461539 0.35336538461538464 0.057692307692307696 0.09615384615384616
0 0.7475961538461539 0.43509615384615385 0.057692307692307696 0.10096153846153846
0 0.7487980769230769 0.5192307692307693 0.055288461538461536 0.10096153846153846