0 0.546875 0.7307692307692307 0.11298076923076923 0.1346153846153846
0 0.5745192307692307 0.8401442307692307 0.11538461538461539 0.1466346153846154
0 0.6009615384615384 0.9411057692307693 0.11057692307692307 0.11298076923076923
0 0.4891826923076923 0.8137019230769231 0.0985576923076923 0.13701923076923078
0 0.515625 0.9326923076923077 0.09375 0.1346153846153846
0 0.41346153846153844 0.8100961538461539 0.10096153846153846 0.1778846153846154
0 0.4495192307692308 0.9375 0.10096153846153846 0.125
0 0.40865384615384615 0.6502403846153846 0.18269230769230768 0.25240384615384615
0 0.3245192307692308 0.4423076923076923 0.11057692307692307 0.23076923076923078
0 0.53125 0.3329326923076923 0.5913461538461539 0.6658653846153846
0 0.22716346153846154 0.7283653846153846 0.44471153846153844 0.5432692307692307
0 0.18389423076923078 0.5096153846153846 0.36778846153846156 0.8798076923076923
0 0.15745192307692307 0.3641826923076923 0.2956730769230769 0.5841346153846154