0 0.7451923076923077 0.20673076923076922 0.4567307692307692 0.16346153846153846
0 0.7379807692307693 0.328125 0.46634615384615385 0.18028846153846154
0 0.7307692307692307 0.45552884615384615 0.46634615384615385 0.18028846153846154
0 0.7235576923076923 0.5949519230769231 0.47115384615384615 0.18509615384615385
0 0.7211538461538461 0.7355769230769231 0.4807692307692308 0.18269230769230768
0 0.2980769230769231 0.06610576923076923 0.4326923076923077 0.13221153846153846
0 0.2848557692307692 0.1778846153846154 0.4543269230769231 0.16826923076923078
0 0.2764423076923077 0.30528846153846156 0.46153846153846156 0.16826923076923078
0 0.2668269230769231 0.43149038461538464 0.47115384615384615 0.18028846153846154
0 0.2536057692307692 0.5685096153846154 0.47836538461538464 0.17548076923076922
0 0.24278846153846154 0.6995192307692307 0.4807692307692308 0.1778846153846154