0 0.734375 0.19831730769230768 0.4543269230769231 0.1466346153846154
0 0.7331730769230769 0.32091346153846156 0.46153846153846156 0.1658653846153846
0 0.7283653846153846 0.4483173076923077 0.46153846153846156 0.1658653846153846
0 0.7259615384615384 0.5865384615384616 0.46634615384615385 0.16826923076923078
0 0.7295673076923077 0.7271634615384616 0.47836538461538464 0.1658653846153846
0 0.2824519230769231 0.06610576923076923 0.43028846153846156 0.13221153846153846
0 0.27524038461538464 0.18629807692307693 0.4495192307692308 0.15144230769230768
0 0.2692307692307692 0.3125 0.4567307692307692 0.15384615384615385
0 0.2644230769230769 0.4387019230769231 0.46634615384615385 0.1658653846153846
0 0.25600961538461536 0.5757211538461539 0.4735576923076923 0.16105769230769232
0 0.25 0.7079326923076923 0.47596153846153844 0.16105769230769232