0 0.29086538461538464 0.020432692307692308 0.125 0.040865384615384616
0 0.18870192307692307 0.03125 0.12740384615384615 0.0625
0 0.3137019230769231 0.042067307692307696 0.12740384615384615 0.08413461538461539
0 0.203125 0.0625 0.13701923076923078 0.125
0 0.12379807692307693 0.06129807692307692 0.06009615384615385 0.07451923076923077
0 0.27283653846153844 0.10697115384615384 0.23798076923076922 0.21394230769230768
0 0.3329326923076923 0.14783653846153846 0.13701923076923078 0.13221153846153846
0 0.2247596153846154 0.1778846153846154 0.0985576923076923 0.09134615384615384
0 0.34615384615384615 0.22235576923076922 0.14423076923076922 0.16105769230769232
0 0.24759615384615385 0.23677884615384615 0.14423076923076922 0.15625
0 0.11899038461538461 0.20432692307692307 0.1466346153846154 0.1778846153846154
0 0.125 0.12259615384615384 0.10096153846153846 0.11538461538461539
0 0.13942307692307693 0.24639423076923078 0.1346153846153846 0.13221153846153846
0 0.15144230769230768 0.30528846153846156 0.1346153846153846 0.1346153846153846
0 0.06971153846153846 0.3233173076923077 0.09615384615384616 0.11778846153846154
0 0.1141826923076923 0.390625 0.2283653846153846 0.23317307692307693
0 0.3173076923076923 0.3401442307692308 0.2403846153846154 0.2283653846153846
0 0.33413461538461536 0.40625 0.24519230769230768 0.22115384615384615
0 0.40865384615384615 0.4375 0.1346153846153846 0.125
0 0.36778846153846156 0.5168269230769231 0.25 0.24519230769230768
0 0.35096153846153844 0.609375 0.23076923076923078 0.21875
0 0.20673076923076922 0.5637019230769231 0.14903846153846154 0.17548076923076922
0 0.19230769230769232 0.4879807692307692 0.13942307692307693 0.14903846153846154
0 0.07211538461538461 0.46033653846153844 0.14423076923076922 0.17067307692307693
0 0.09254807692307693 0.5877403846153846 0.15144230769230768 0.17548076923076922
0 0.02403846153846154 0.59375 0.04807692307692308 0.1201923076923077
0 0.07211538461538461 0.6670673076923077 0.14423076923076922 0.1466346153846154
0 0.18990384615384615 0.6442307692307693 0.1346153846153846 0.14903846153846154
0 0.008413461538461538 0.5480769230769231 0.016826923076923076 0.1201923076923077
0 0.48677884615384615 0.9122596153846154 0.24278846153846154 0.17548076923076922
0 0.5300480769230769 0.9519230769230769 0.20432692307692307 0.09615384615384616