0 0.052884615384615384 0.15745192307692307 0.10576923076923077 0.13221153846153846
0 0.06971153846153846 0.14783653846153846 0.125 0.11778846153846154
0 0.02403846153846154 0.21394230769230768 0.04807692307692308 0.1201923076923077
0 0.11057692307692307 0.17908653846153846 0.125 0.10817307692307693
0 0.046875 0.2548076923076923 0.09375 0.1346153846153846
0 0.1141826923076923 0.2620192307692308 0.2283653846153846 0.21634615384615385
0 0.18269230769230768 0.27403846153846156 0.1346153846153846 0.12980769230769232
0 0.10216346153846154 0.35216346153846156 0.0985576923076923 0.0889423076923077
0 0.23197115384615385 0.3329326923076923 0.14182692307692307 0.16105769230769232
0 0.1502403846153846 0.3942307692307692 0.14182692307692307 0.15384615384615385
0 0.046875 0.42427884615384615 0.09375 0.17548076923076922
0 0.018028846153846152 0.3485576923076923 0.036057692307692304 0.11538461538461539
0 0.06370192307692307 0.4519230769230769 0.12740384615384615 0.12980769230769232
0 0.10096153846153846 0.49759615384615385 0.1346153846153846 0.1346153846153846
0 0.042067307692307696 0.5540865384615384 0.08413461538461539 0.11778846153846154
0 0.11177884615384616 0.59375 0.22355769230769232 0.23076923076923078
0 0.26322115384615385 0.44711538461538464 0.23798076923076922 0.22596153846153846
0 0.3088942307692308 0.4987980769230769 0.24278846153846154 0.21875
0 0.3894230769230769 0.4891826923076923 0.1346153846153846 0.12259615384615384
0 0.390625 0.5805288461538461 0.24759615384615385 0.24278846153846154
0 0.421875 0.6682692307692307 0.2283653846153846 0.21634615384615385
0 0.27283653846153844 0.6995192307692307 0.1466346153846154 0.17307692307692307
0 0.22596153846153846 0.6382211538461539 0.13942307692307693 0.1466346153846154
0 0.10336538461538461 0.6742788461538461 0.14903846153846154 0.17067307692307693
0 0.18509615384615385 0.7728365384615384 0.14903846153846154 0.17548076923076922
0 0.12379807692307693 0.8173076923076923 0.06009615384615385 0.1201923076923077
0 0.20793269230769232 0.8533653846153846 0.14182692307692307 0.14423076923076922
0 0.29927884615384615 0.7764423076923077 0.13221153846153846 0.14903846153846154
0 0.07572115384615384 0.7908653846153846 0.06009615384615385 0.1201923076923077
0 0.6947115384615384 0.8798076923076923 0.2403846153846154 0.20192307692307693
0 0.7560096153846154 0.8978365384615384 0.20432692307692307 0.13221153846153846