0 0.28846153846153844 0.2512019230769231 0.052884615384615384 0.040865384615384616
0 0.2932692307692308 0.2824519230769231 0.04807692307692308 0.04567307692307692
0 0.25240384615384615 0.28725961538461536 0.04807692307692308 0.040865384615384616
0 0.2776442307692308 0.31009615384615385 0.08413461538461539 0.04326923076923077
0 0.2860576923076923 0.33774038461538464 0.08653846153846154 0.040865384615384616
0 0.2920673076923077 0.36899038461538464 0.0889423076923077 0.04567307692307692
0 0.2956730769230769 0.4026442307692308 0.08653846153846154 0.040865384615384616
0 0.3016826923076923 0.42908653846153844 0.0889423076923077 0.05048076923076923
0 0.30408653846153844 0.46274038461538464 0.0889423076923077 0.04567307692307692
0 0.3076923076923077 0.49158653846153844 0.09134615384615384 0.04567307692307692
0 0.3125 0.5228365384615384 0.09134615384615384 0.04567307692307692
0 0.31490384615384615 0.5516826923076923 0.09134615384615384 0.05048076923076923
0 0.32091346153846156 0.5853365384615384 0.0889423076923077 0.05048076923076923
0 0.3233173076923077 0.6165865384615384 0.0889423076923077 0.040865384615384616
0 0.3293269230769231 0.6454326923076923 0.08653846153846154 0.04567307692307692
0 0.3329326923076923 0.6778846153846154 0.0889423076923077 0.04326923076923077
0 0.33413461538461536 0.7079326923076923 0.09134615384615384 0.05048076923076923
0 0.3088942307692308 0.7415865384615384 0.05048076923076923 0.040865384615384616
0 0.3137019230769231 0.7704326923076923 0.05048076923076923 0.036057692307692304
0 0.35697115384615385 0.7331730769230769 0.055288461538461536 0.038461538461538464
0 0.3581730769230769 0.7632211538461539 0.052884615384615384 0.040865384615384616
0 0.359375 0.7992788461538461 0.055288461538461536 0.04567307692307692
0 0.43990384615384615 0.7872596153846154 0.08653846153846154 0.04567307692307692
0 0.4338942307692308 0.7548076923076923 0.0889423076923077 0.04326923076923077
0 0.4326923076923077 0.7259615384615384 0.08653846153846154 0.04326923076923077
0 0.42908653846153844 0.6935096153846154 0.0889423076923077 0.04567307692307692
0 0.42427884615384615 0.6646634615384616 0.0889423076923077 0.05048076923076923
0 0.421875 0.6346153846153846 0.0889423076923077 0.04326923076923077
0 0.4182692307692308 0.5997596153846154 0.09134615384615384 0.05048076923076923
0 0.4170673076923077 0.5709134615384616 0.0889423076923077 0.05048076923076923
0 0.41466346153846156 0.5432692307692307 0.0889423076923077 0.04326923076923077
0 0.40865384615384615 0.5132211538461539 0.09134615384615384 0.05048076923076923
0 0.40384615384615385 0.48197115384615385 0.09134615384615384 0.05048076923076923
0 0.40024038461538464 0.4483173076923077 0.0889423076923077 0.04567307692307692
0 0.39783653846153844 0.41586538461538464 0.0889423076923077 0.04326923076923077
0 0.38822115384615385 0.3894230769230769 0.0889423076923077 0.04326923076923077
0 0.3858173076923077 0.3605769230769231 0.0889423076923077 0.04326923076923077
0 0.38100961538461536 0.328125 0.0889423076923077 0.04567307692307692
0 0.3786057692307692 0.3004807692307692 0.0889423076923077 0.04326923076923077
0 0.3737980769230769 0.2704326923076923 0.0889423076923077 0.05048076923076923
0 0.36899038461538464 0.23677884615384615 0.0889423076923077 0.05048076923076923
0 0.46274038461538464 0.22235576923076922 0.0889423076923077 0.04567307692307692
0 0.4699519230769231 0.28725961538461536 0.08413461538461539 0.036057692307692304
0 0.47716346153846156 0.3473557692307692 0.08413461538461539 0.036057692307692304
0 0.4879807692307692 0.40865384615384615 0.08173076923076923 0.038461538461538464
0 0.49399038461538464 0.46875 0.07932692307692307 0.038461538461538464
0 0.5036057692307693 0.5300480769230769 0.07932692307692307 0.036057692307692304
0 0.5096153846153846 0.5913461538461539 0.08173076923076923 0.038461538461538464
0 0.5180288461538461 0.6514423076923077 0.08413461538461539 0.038461538461538464
0 0.5252403846153846 0.7139423076923077 0.08413461538461539 0.03365384615384615
0 0.53125 0.7776442307692307 0.08653846153846154 0.040865384615384616
0 0.5925480769230769 0.7644230769230769 0.05048076923076923 0.038461538461538464
0 0.6334134615384616 0.7596153846153846 0.04567307692307692 0.038461538461538464
0 0.7067307692307693 0.7512019230769231 0.08653846153846154 0.040865384615384616
0 0.7956730769230769 0.7355769230769231 0.08173076923076923 0.038461538461538464
0 0.8725961538461539 0.7271634615384616 0.08173076923076923 0.04567307692307692
0 0.9603365384615384 0.7091346153846154 0.07932692307692307 0.04326923076923077
0 0.625 0.7283653846153846 0.08173076923076923 0.04326923076923077
0 0.6201923076923077 0.6971153846153846 0.08173076923076923 0.038461538461538464
0 0.6165865384615384 0.6682692307692307 0.08413461538461539 0.04326923076923077
0 0.6141826923076923 0.6370192307692307 0.08413461538461539 0.038461538461538464
0 0.6081730769230769 0.6105769230769231 0.08173076923076923 0.04326923076923077
0 0.6033653846153846 0.5793269230769231 0.08173076923076923 0.04326923076923077
0 0.5985576923076923 0.5456730769230769 0.08173076923076923 0.038461538461538464
0 0.703125 0.6862980769230769 0.08413461538461539 0.036057692307692304
0 0.6947115384615384 0.6274038461538461 0.08173076923076923 0.03365384615384615
0 0.6862980769230769 0.5685096153846154 0.07932692307692307 0.036057692307692304
0 0.6790865384615384 0.5084134615384616 0.07932692307692307 0.036057692307692304
0 0.5961538461538461 0.5168269230769231 0.08173076923076923 0.038461538461538464
0 0.5925480769230769 0.4891826923076923 0.08413461538461539 0.04567307692307692
0 0.5877403846153846 0.4567307692307692 0.08413461538461539 0.04326923076923077
0 0.5841346153846154 0.4254807692307692 0.08173076923076923 0.04326923076923077
0 0.5793269230769231 0.39663461538461536 0.08173076923076923 0.04326923076923077
0 0.5769230769230769 0.36538461538461536 0.08173076923076923 0.04326923076923077
0 0.5709134615384616 0.33413461538461536 0.08413461538461539 0.04326923076923077
0 0.5685096153846154 0.31009615384615385 0.08413461538461539 0.04807692307692308
0 0.5649038461538461 0.27884615384615385 0.08173076923076923 0.04326923076923077
0 0.5612980769230769 0.24639423076923078 0.08413461538461539 0.04567307692307692
0 0.5516826923076923 0.21394230769230768 0.08413461538461539 0.04326923076923077
0 0.6394230769230769 0.2091346153846154 0.08173076923076923 0.04326923076923077
0 0.6490384615384616 0.2704326923076923 0.07692307692307693 0.036057692307692304
0 0.6574519230769231 0.328125 0.07932692307692307 0.036057692307692304
0 0.6634615384615384 0.3894230769230769 0.08173076923076923 0.038461538461538464
0 0.671875 0.44711538461538464 0.07932692307692307 0.04326923076923077
0 0.7247596153846154 0.20072115384615385 0.08413461538461539 0.04567307692307692
0 0.734375 0.23677884615384615 0.06971153846153846 0.040865384615384616
0 0.7824519230769231 0.234375 0.036057692307692304 0.03125
0 0.8149038461538461 0.2283653846153846 0.038461538461538464 0.028846153846153848
0 0.8137019230769231 0.20192307692307693 0.036057692307692304 0.03365384615384615
0 0.7331730769230769 0.2620192307692308 0.07692307692307693 0.038461538461538464
0 0.7415865384615384 0.2932692307692308 0.07451923076923077 0.038461538461538464
0 0.7427884615384616 0.32211538461538464 0.07692307692307693 0.038461538461538464
0 0.7487980769230769 0.35096153846153844 0.07451923076923077 0.04326923076923077
0 0.7439903846153846 0.38461538461538464 0.07932692307692307 0.04326923076923077
0 0.7235576923076923 0.41466346153846156 0.03365384615384615 0.03125
0 0.7584134615384616 0.4110576923076923 0.040865384615384616 0.03365384615384615
0 0.7439903846153846 0.4423076923076923 0.07451923076923077 0.038461538461538464
0 0.7632211538461539 0.4675480769230769 0.06971153846153846 0.040865384615384616
0 0.8954326923076923 0.18269230769230768 0.0889423076923077 0.04326923076923077
0 0.9026442307692307 0.21153846153846154 0.08413461538461539 0.04326923076923077
0 0.9086538461538461 0.2439903846153846 0.08173076923076923 0.04567307692307692
0 0.9110576923076923 0.2704326923076923 0.08173076923076923 0.04567307692307692
0 0.9146634615384616 0.2980769230769231 0.07932692307692307 0.04326923076923077
0 0.9194711538461539 0.3269230769230769 0.07932692307692307 0.04807692307692308
0 0.9242788461538461 0.3581730769230769 0.07932692307692307 0.04326923076923077
0 0.9266826923076923 0.3894230769230769 0.07932692307692307 0.04326923076923077
0 0.9338942307692307 0.4182692307692308 0.08413461538461539 0.04326923076923077
0 0.9362980769230769 0.44591346153846156 0.08413461538461539 0.040865384615384616
0 0.9399038461538461 0.4723557692307692 0.08653846153846154 0.04567307692307692
0 0.9411057692307693 0.5048076923076923 0.08413461538461539 0.04326923076923077
0 0.8209134615384616 0.2548076923076923 0.07932692307692307 0.038461538461538464
0 0.8233173076923077 0.28125 0.07932692307692307 0.038461538461538464
0 0.8305288461538461 0.3076923076923077 0.08413461538461539 0.04326923076923077
0 0.8353365384615384 0.33774038461538464 0.0889423076923077 0.04567307692307692
0 0.8401442307692307 0.36778846153846156 0.08413461538461539 0.04326923076923077
0 0.84375 0.39903846153846156 0.08173076923076923 0.04326923076923077
0 0.8461538461538461 0.4254807692307692 0.08173076923076923 0.04326923076923077
0 0.8497596153846154 0.45552884615384615 0.08413461538461539 0.04567307692307692
0 0.8545673076923077 0.4855769230769231 0.08413461538461539 0.04326923076923077
0 0.8569711538461539 0.5168269230769231 0.08413461538461539 0.038461538461538464
0 0.8605769230769231 0.546875 0.08653846153846154 0.04567307692307692
0 0.859375 0.5745192307692307 0.08413461538461539 0.04326923076923077
0 0.8617788461538461 0.6033653846153846 0.08413461538461539 0.04326923076923077
0 0.8677884615384616 0.6322115384615384 0.08653846153846154 0.04326923076923077
0 0.8713942307692307 0.6622596153846154 0.08413461538461539 0.04567307692307692
0 0.8737980769230769 0.6911057692307693 0.08413461538461539 0.040865384615384616
0 0.7620192307692307 0.49759615384615385 0.07692307692307693 0.038461538461538464
0 0.7692307692307693 0.5264423076923077 0.07211538461538461 0.038461538461538464
0 0.7692307692307693 0.5564903846153846 0.07692307692307693 0.036057692307692304
0 0.7776442307692307 0.5841346153846154 0.07451923076923077 0.04326923076923077
0 0.7800480769230769 0.6177884615384616 0.07932692307692307 0.038461538461538464
0 0.7872596153846154 0.6454326923076923 0.07451923076923077 0.040865384615384616
0 0.7848557692307693 0.6742788461538461 0.08413461538461539 0.040865384615384616
0 0.7944711538461539 0.7043269230769231 0.07451923076923077 0.04326923076923077
0 0.9459134615384616 0.5336538461538461 0.08413461538461539 0.038461538461538464
0 0.9483173076923077 0.5637019230769231 0.08413461538461539 0.04567307692307692
0 0.9519230769230769 0.5913461538461539 0.08173076923076923 0.04326923076923077
0 0.9567307692307693 0.6201923076923077 0.08173076923076923 0.04326923076923077
0 0.9603365384615384 0.6490384615384616 0.07932692307692307 0.04326923076923077
0 0.9615384615384616 0.6802884615384616 0.07692307692307693 0.04326923076923077