0 0.06971153846153846 0.25961538461538464 0.07692307692307693 0.10096153846153846
0 0.12259615384615384 0.2920673076923077 0.10576923076923077 0.14182692307692307
0 0.20072115384615385 0.30649038461538464 0.10817307692307693 0.1466346153846154
0 0.29927884615384615 0.28725961538461536 0.11298076923076923 0.07932692307692307
0 0.36538461538461536 0.2956730769230769 0.1201923076923077 0.07211538461538461
0 0.203125 0.3858173076923077 0.11298076923076923 0.18990384615384615
0 0.3088942307692308 0.46274038461538464 0.23798076923076922 0.2668269230769231
0 0.6706730769230769 0.6057692307692307 0.33653846153846156 0.4423076923076923
0 0.4795673076923077 0.5576923076923077 0.36778846153846156 0.4375
0 0.47596153846153844 0.36177884615384615 0.20673076923076922 0.09375
0 0.35096153846153844 0.3389423076923077 0.21153846153846154 0.10576923076923077
0 0.9423076923076923 0.4879807692307692 0.11538461538461539 0.22596153846153846
0 0.9098557692307693 0.46153846153846156 0.18028846153846154 0.21634615384615385
0 0.8545673076923077 0.3942307692307692 0.15144230769230768 0.11538461538461539
0 0.7908653846153846 0.37740384615384615 0.13942307692307693 0.1201923076923077
0 0.7463942307692307 0.3557692307692308 0.13221153846153846 0.10096153846153846
0 0.6935096153846154 0.34375 0.10817307692307693 0.09134615384615384
0 0.6466346153846154 0.3329326923076923 0.09134615384615384 0.09375
0 0.6358173076923077 0.38341346153846156 0.2091346153846154 0.06490384615384616
0 0.6045673076923077 0.3173076923076923 0.06009615384615385 0.0625
0 0.5685096153846154 0.3112980769230769 0.04567307692307692 0.055288461538461536
0 0.5384615384615384 0.30528846153846156 0.038461538461538464 0.052884615384615384
0 0.5132211538461539 0.29927884615384615 0.040865384615384616 0.055288461538461536