0 0.3701923076923077 0.19951923076923078 0.052884615384615384 0.04326923076923077
0 0.36658653846153844 0.22956730769230768 0.05048076923076923 0.04567307692307692
0 0.3269230769230769 0.22355769230769232 0.04807692307692308 0.04326923076923077
0 0.34375 0.25240384615384615 0.08653846153846154 0.04807692307692308
0 0.3449519230769231 0.28365384615384615 0.0889423076923077 0.04326923076923077
0 0.3389423076923077 0.3137019230769231 0.09134615384615384 0.05048076923076923
0 0.3329326923076923 0.34615384615384615 0.0889423076923077 0.04326923076923077
0 0.33052884615384615 0.375 0.0889423076923077 0.052884615384615384
0 0.3245192307692308 0.4050480769230769 0.09134615384615384 0.05048076923076923
0 0.31971153846153844 0.4362980769230769 0.09134615384615384 0.05048076923076923
0 0.31490384615384615 0.4675480769230769 0.09134615384615384 0.05048076923076923
0 0.3076923076923077 0.4963942307692308 0.09134615384615384 0.055288461538461536
0 0.3016826923076923 0.5288461538461539 0.0889423076923077 0.052884615384615384
0 0.296875 0.5576923076923077 0.0889423076923077 0.04326923076923077
0 0.2932692307692308 0.5877403846153846 0.08653846153846154 0.05048076923076923
0 0.28725961538461536 0.6201923076923077 0.0889423076923077 0.04807692307692308
0 0.28125 0.6502403846153846 0.09134615384615384 0.055288461538461536
0 0.24759615384615385 0.6754807692307693 0.052884615384615384 0.04326923076923077
0 0.24158653846153846 0.7043269230769231 0.05048076923076923 0.038461538461538464
0 0.29447115384615385 0.6814903846153846 0.055288461538461536 0.040865384615384616
0 0.28846153846153844 0.7115384615384616 0.052884615384615384 0.04326923076923077
0 0.27884615384615385 0.7451923076923077 0.057692307692307696 0.04807692307692308
0 0.3581730769230769 0.7584134615384616 0.08653846153846154 0.05048076923076923
0 0.3641826923076923 0.7259615384615384 0.0889423076923077 0.04807692307692308
0 0.36899038461538464 0.6971153846153846 0.0889423076923077 0.04807692307692308
0 0.375 0.6622596153846154 0.09134615384615384 0.05048076923076923
0 0.38100961538461536 0.6346153846153846 0.0889423076923077 0.052884615384615384
0 0.3858173076923077 0.6057692307692307 0.0889423076923077 0.04807692307692308
0 0.3918269230769231 0.5709134615384616 0.09134615384615384 0.055288461538461536
0 0.39903846153846156 0.5432692307692307 0.09134615384615384 0.052884615384615384
0 0.4050480769230769 0.5144230769230769 0.0889423076923077 0.04807692307692308
0 0.40865384615384615 0.48677884615384615 0.09134615384615384 0.055288461538461536
0 0.41346153846153844 0.453125 0.09134615384615384 0.055288461538461536
0 0.4206730769230769 0.421875 0.09134615384615384 0.05048076923076923
0 0.4266826923076923 0.3894230769230769 0.0889423076923077 0.04807692307692308
0 0.4266826923076923 0.3605769230769231 0.0889423076923077 0.04807692307692308
0 0.43149038461538464 0.33413461538461536 0.0889423076923077 0.04807692307692308
0 0.4375 0.3016826923076923 0.09134615384615384 0.05048076923076923
0 0.4411057692307692 0.27403846153846156 0.0889423076923077 0.04807692307692308
0 0.44711538461538464 0.24278846153846154 0.09134615384615384 0.052884615384615384
0 0.4519230769230769 0.2091346153846154 0.09134615384615384 0.052884615384615384
0 0.5456730769230769 0.2247596153846154 0.09134615384615384 0.05048076923076923
0 0.5348557692307693 0.28725961538461536 0.08413461538461539 0.040865384615384616
0 0.5228365384615384 0.3473557692307692 0.08413461538461539 0.040865384615384616
0 0.5132211538461539 0.40865384615384615 0.08413461538461539 0.04326923076923077
0 0.5048076923076923 0.46875 0.08173076923076923 0.04326923076923077
0 0.4951923076923077 0.5300480769230769 0.08173076923076923 0.040865384615384616
0 0.484375 0.5913461538461539 0.08413461538461539 0.04326923076923077
0 0.4723557692307692 0.6502403846153846 0.08413461538461539 0.040865384615384616
0 0.46033653846153844 0.7115384615384616 0.08413461538461539 0.038461538461538464
0 0.45072115384615385 0.7740384615384616 0.0889423076923077 0.04326923076923077
0 0.5108173076923077 0.7800480769230769 0.05048076923076923 0.040865384615384616
0 0.5528846153846154 0.7872596153846154 0.04807692307692308 0.040865384615384616
0 0.6237980769230769 0.8004807692307693 0.0889423076923077 0.04326923076923077
0 0.7127403846153846 0.8125 0.08413461538461539 0.04326923076923077
0 0.7908653846153846 0.8245192307692307 0.08173076923076923 0.04807692307692308
0 0.8834134615384616 0.8389423076923077 0.0889423076923077 0.04807692307692308
0 0.5516826923076923 0.7548076923076923 0.08413461538461539 0.04807692307692308
0 0.5564903846153846 0.7235576923076923 0.08413461538461539 0.04326923076923077
0 0.5637019230769231 0.6947115384615384 0.08413461538461539 0.04807692307692308
0 0.5685096153846154 0.6658653846153846 0.08413461538461539 0.04326923076923077
0 0.5709134615384616 0.6370192307692307 0.08413461538461539 0.04807692307692308
0 0.5757211538461539 0.6057692307692307 0.08413461538461539 0.04807692307692308
0 0.5805288461538461 0.5745192307692307 0.08413461538461539 0.04326923076923077
0 0.640625 0.7367788461538461 0.08413461538461539 0.040865384615384616
0 0.6490384615384616 0.6802884615384616 0.08173076923076923 0.038461538461538464
0 0.6598557692307693 0.6189903846153846 0.07932692307692307 0.040865384615384616
0 0.6694711538461539 0.5612980769230769 0.07932692307692307 0.040865384615384616
0 0.5877403846153846 0.5456730769230769 0.08413461538461539 0.04326923076923077
0 0.5925480769230769 0.515625 0.08413461538461539 0.05048076923076923
0 0.5973557692307693 0.4831730769230769 0.08413461538461539 0.04807692307692308
0 0.6021634615384616 0.4543269230769231 0.08413461538461539 0.04807692307692308
0 0.6069711538461539 0.4230769230769231 0.08413461538461539 0.04807692307692308
0 0.6117788461538461 0.3918269230769231 0.08413461538461539 0.04807692307692308
0 0.6165865384615384 0.3629807692307692 0.08413461538461539 0.04807692307692308
0 0.6213942307692307 0.33653846153846156 0.08413461538461539 0.052884615384615384
0 0.6262019230769231 0.3076923076923077 0.08413461538461539 0.04807692307692308
0 0.6334134615384616 0.27524038461538464 0.08413461538461539 0.05048076923076923
0 0.6346153846153846 0.24278846153846154 0.08653846153846154 0.04807692307692308
0 0.7175480769230769 0.2620192307692308 0.08413461538461539 0.04807692307692308
0 0.7103365384615384 0.3233173076923077 0.07932692307692307 0.040865384615384616
0 0.7007211538461539 0.38100961538461536 0.07932692307692307 0.040865384615384616
0 0.6887019230769231 0.4423076923076923 0.08413461538461539 0.04326923076923077
0 0.6778846153846154 0.5012019230769231 0.08173076923076923 0.04567307692307692
0 0.8028846153846154 0.2800480769230769 0.08653846153846154 0.05048076923076923
0 0.8028846153846154 0.3161057692307692 0.07211538461538461 0.04567307692307692
0 0.8485576923076923 0.3269230769230769 0.038461538461538464 0.03365384615384615
0 0.8810096153846154 0.3317307692307692 0.040865384615384616 0.028846153846153848
0 0.8870192307692307 0.30649038461538464 0.038461538461538464 0.036057692307692304
0 0.7944711538461539 0.34134615384615385 0.07932692307692307 0.04326923076923077
0 0.7920673076923077 0.3737980769230769 0.07451923076923077 0.040865384615384616
0 0.7848557692307693 0.4014423076923077 0.07932692307692307 0.04326923076923077
0 0.7836538461538461 0.43028846153846156 0.07692307692307693 0.04807692307692308
0 0.7680288461538461 0.46033653846153844 0.07932692307692307 0.04567307692307692
0 0.7379807692307693 0.484375 0.03365384615384615 0.03125
0 0.7728365384615384 0.4891826923076923 0.040865384615384616 0.036057692307692304
0 0.7512019230769231 0.515625 0.07451923076923077 0.040865384615384616
0 0.7620192307692307 0.5444711538461539 0.07211538461538461 0.04567307692307692
0 0.9627403846153846 0.3125 0.07451923076923077 0.04807692307692308
0 0.9639423076923077 0.34134615384615385 0.07211538461538461 0.04807692307692308
0 0.9615384615384616 0.375 0.07692307692307693 0.04807692307692308
0 0.9591346153846154 0.39903846153846156 0.08173076923076923 0.04807692307692308
0 0.9567307692307693 0.42908653846153844 0.08173076923076923 0.04567307692307692
0 0.9519230769230769 0.45913461538461536 0.08173076923076923 0.052884615384615384
0 0.9459134615384616 0.4891826923076923 0.07932692307692307 0.04567307692307692
0 0.9423076923076923 0.5180288461538461 0.08173076923076923 0.04567307692307692
0 0.9399038461538461 0.5480769230769231 0.08653846153846154 0.04807692307692308
0 0.9326923076923077 0.5769230769230769 0.08653846153846154 0.04326923076923077
0 0.9278846153846154 0.6021634615384616 0.08653846153846154 0.05048076923076923
0 0.921875 0.6322115384615384 0.08413461538461539 0.04807692307692308
0 0.8786057692307693 0.3581730769230769 0.07932692307692307 0.04326923076923077
0 0.8725961538461539 0.38461538461538464 0.08173076923076923 0.04326923076923077
0 0.8713942307692307 0.41346153846153844 0.08413461538461539 0.04807692307692308
0 0.8689903846153846 0.4411057692307692 0.0889423076923077 0.05048076923076923
0 0.8641826923076923 0.47115384615384615 0.08413461538461539 0.04807692307692308
0 0.8569711538461539 0.5024038461538461 0.08413461538461539 0.04807692307692308
0 0.8521634615384616 0.53125 0.08413461538461539 0.04807692307692308
0 0.8485576923076923 0.5612980769230769 0.08653846153846154 0.05048076923076923
0 0.8425480769230769 0.5913461538461539 0.08413461538461539 0.04807692307692308
0 0.8377403846153846 0.6201923076923077 0.08413461538461539 0.04326923076923077
0 0.8317307692307693 0.6502403846153846 0.08653846153846154 0.05048076923076923
0 0.8233173076923077 0.6754807692307693 0.08413461538461539 0.04807692307692308
0 0.8149038461538461 0.7043269230769231 0.08653846153846154 0.04807692307692308
0 0.8112980769230769 0.7331730769230769 0.0889423076923077 0.04807692307692308
0 0.8076923076923077 0.7632211538461539 0.08653846153846154 0.05048076923076923
0 0.8028846153846154 0.7908653846153846 0.08653846153846154 0.04326923076923077
0 0.7512019230769231 0.5745192307692307 0.07932692307692307 0.04326923076923077
0 0.7512019230769231 0.6045673076923077 0.07451923076923077 0.040865384615384616
0 0.7415865384615384 0.6334134615384616 0.07932692307692307 0.040865384615384616
0 0.7403846153846154 0.6622596153846154 0.07692307692307693 0.04567307692307692
0 0.7331730769230769 0.6947115384615384 0.08173076923076923 0.04326923076923077
0 0.7319711538461539 0.7223557692307693 0.07451923076923077 0.04567307692307692
0 0.7235576923076923 0.75 0.08653846153846154 0.04326923076923077
0 0.7235576923076923 0.78125 0.07692307692307693 0.04807692307692308
0 0.9170673076923077 0.6610576923076923 0.08413461538461539 0.04326923076923077
0 0.9110576923076923 0.6911057692307693 0.08653846153846154 0.05048076923076923
0 0.9074519230769231 0.71875 0.08413461538461539 0.04807692307692308
0 0.9002403846153846 0.7475961538461539 0.08413461538461539 0.04807692307692308
0 0.8966346153846154 0.7776442307692307 0.08173076923076923 0.04567307692307692
0 0.8894230769230769 0.8088942307692307 0.08173076923076923 0.04567307692307692