0 0.90625 0.46153846153846156 0.18269230769230768 0.07692307692307693
0 0.9026442307692307 0.390625 0.19471153846153846 0.06490384615384616
0 0.9026442307692307 0.328125 0.18990384615384615 0.06490384615384616
0 0.9002403846153846 0.2668269230769231 0.19951923076923078 0.0625
0 0.8942307692307693 0.20432692307692307 0.21153846153846154 0.0625
0 0.890625 0.15384615384615385 0.20432692307692307 0.04326923076923077
0 0.6850961538461539 0.45552884615384615 0.22596153846153846 0.07932692307692307
0 0.6778846153846154 0.38461538461538464 0.23076923076923078 0.0673076923076923
0 0.6814903846153846 0.32211538461538464 0.21875 0.0625
0 0.6778846153846154 0.2620192307692308 0.22115384615384615 0.0673076923076923
0 0.6778846153846154 0.19951923076923078 0.21634615384615385 0.0625
0 0.671875 0.15264423076923078 0.20432692307692307 0.03125
0 0.4411057692307692 0.45072115384615385 0.21875 0.07932692307692307
0 0.43990384615384615 0.38341346153846156 0.22115384615384615 0.06971153846153846
0 0.4411057692307692 0.32211538461538464 0.21875 0.057692307692307696
0 0.43990384615384615 0.2608173076923077 0.22115384615384615 0.06971153846153846
0 0.4423076923076923 0.19951923076923078 0.21153846153846154 0.057692307692307696
0 0.4411057692307692 0.1466346153846154 0.21394230769230768 0.057692307692307696
0 0.1935096153846154 0.4483173076923077 0.21875 0.06971153846153846
0 0.1971153846153846 0.38100961538461536 0.22115384615384615 0.06971153846153846
0 0.20072115384615385 0.3161057692307692 0.21875 0.06971153846153846
0 0.20072115384615385 0.25 0.21875 0.0673076923076923
0 0.203125 0.18509615384615385 0.21394230769230768 0.0673076923076923
0 0.21394230769230768 0.1346153846153846 0.21153846153846154 0.04326923076923077
0 0.04807692307692308 0.16346153846153846 0.08653846153846154 0.038461538461538464
0 0.040865384615384616 0.20673076923076922 0.07692307692307693 0.0625
0 0.037259615384615384 0.25721153846153844 0.06971153846153846 0.0625
0 0.03485576923076923 0.31971153846153844 0.06971153846153846 0.0625
0 0.03365384615384615 0.38100961538461536 0.0673076923076923 0.06971153846153846
0 0.03125 0.4483173076923077 0.0625 0.06971153846153846