0 0.8497596153846154 0.3137019230769231 0.3004807692307692 0.3293269230769231
0 0.8341346153846154 0.49759615384615385 0.3317307692307692 0.30288461538461536
0 0.7896634615384616 0.6911057692307693 0.34375 0.2860576923076923
0 0.7608173076923077 0.8762019230769231 0.31490384615384615 0.24759615384615385
0 0.6237980769230769 0.31850961538461536 0.2620192307692308 0.28125
0 0.5901442307692307 0.47596153846153844 0.25721153846153844 0.24519230769230768
0 0.43028846153846156 0.33533653846153844 0.20673076923076922 0.24278846153846154
0 0.4050480769230769 0.47475961538461536 0.19951923076923078 0.21394230769230768
0 0.29086538461538464 0.3473557692307692 0.1778846153846154 0.21394230769230768
0 0.25961538461538464 0.4831730769230769 0.18269230769230768 0.20192307692307693
0 0.17548076923076922 0.35697115384615385 0.14903846153846154 0.18509615384615385
0 0.14182692307692307 0.47836538461538464 0.15384615384615385 0.18269230769230768
0 0.11057692307692307 0.5997596153846154 0.14903846153846154 0.1658653846153846