0 0.38822115384615385 0.8629807692307693 0.14182692307692307 0.15384615384615385
0 0.24519230769230768 0.44350961538461536 0.052884615384615384 0.036057692307692304
0 0.2800480769230769 0.43149038461538464 0.09375 0.040865384615384616
0 0.23317307692307693 0.4170673076923077 0.004807692307692308 0.016826923076923076
0 0.22716346153846154 0.41586538461538464 0.007211538461538462 0.019230769230769232
0 0.17427884615384615 0.36177884615384615 0.026442307692307692 0.026442307692307692
0 0.27524038461538464 0.39783653846153844 0.036057692307692304 0.021634615384615384
0 0.24278846153846154 0.3894230769230769 0.028846153846153848 0.02403846153846154
0 0.28725961538461536 0.3894230769230769 0.055288461538461536 0.02403846153846154
0 0.29927884615384615 0.36899038461538464 0.021634615384615384 0.026442307692307692
0 0.3233173076923077 0.3713942307692308 0.03125 0.021634615384615384
0 0.34134615384615385 0.3737980769230769 0.03365384615384615 0.016826923076923076
0 0.34134615384615385 0.3918269230769231 0.057692307692307696 0.02403846153846154
0 0.3786057692307692 0.37740384615384615 0.016826923076923076 0.019230769230769232
0 0.40024038461538464 0.3798076923076923 0.03125 0.028846153846153848
0 0.42908653846153844 0.39302884615384615 0.03125 0.016826923076923076
0 0.4050480769230769 0.4026442307692308 0.06009615384615385 0.016826923076923076
0 0.359375 0.4206730769230769 0.06971153846153846 0.02403846153846154
0 0.3629807692307692 0.4387019230769231 0.0625 0.021634615384615384
0 0.38100961538461536 0.45552884615384615 0.036057692307692304 0.021634615384615384
0 0.41947115384615385 0.4567307692307692 0.04567307692307692 0.03365384615384615
0 0.41346153846153844 0.4375 0.04326923076923077 0.02403846153846154
0 0.4411057692307692 0.43509615384615385 0.016826923076923076 0.019230769230769232
0 0.43028846153846156 0.41947115384615385 0.07211538461538461 0.021634615384615384
0 0.46033653846153844 0.46033653846153844 0.036057692307692304 0.03125
0 0.42908653846153844 0.37740384615384615 0.026442307692307692 0.019230769230769232
0 0.4495192307692308 0.38221153846153844 0.014423076923076924 0.019230769230769232
0 0.45913461538461536 0.38100961538461536 0.014423076923076924 0.021634615384615384
0 0.4795673076923077 0.3786057692307692 0.021634615384615384 0.016826923076923076
0 0.49399038461538464 0.3798076923076923 0.01201923076923077 0.014423076923076924
0 0.5204326923076923 0.38461538461538464 0.03125 0.014423076923076924
0 0.5408653846153846 0.3858173076923077 0.02403846153846154 0.01201923076923077
0 0.9735576923076923 0.6634615384615384 0.038461538461538464 0.052884615384615384
0 0.9615384615384616 0.5733173076923077 0.07211538461538461 0.040865384615384616
0 0.8161057692307693 0.5685096153846154 0.0889423076923077 0.04567307692307692
0 0.7367788461538461 0.5420673076923077 0.08413461538461539 0.04567307692307692
0 0.7403846153846154 0.5757211538461539 0.0673076923076923 0.040865384615384616
0 0.8701923076923077 0.5444711538461539 0.07692307692307693 0.036057692307692304
0 0.828125 0.5372596153846154 0.016826923076923076 0.03125
0 0.7403846153846154 0.46634615384615385 0.03365384615384615 0.019230769230769232
0 0.7283653846153846 0.4831730769230769 0.052884615384615384 0.028846153846153848
0 0.7139423076923077 0.5084134615384616 0.028846153846153848 0.026442307692307692
0 0.7584134615384616 0.5132211538461539 0.06971153846153846 0.03125
0 0.78125 0.48677884615384615 0.014423076923076924 0.026442307692307692
0 0.8233173076923077 0.49038461538461536 0.07451923076923077 0.03365384615384615
0 0.9230769230769231 0.5432692307692307 0.04326923076923077 0.028846153846153848
0 0.7319711538461539 0.33413461538461536 0.021634615384615384 0.014423076923076924
0 0.75 0.33533653846153844 0.014423076923076924 0.01201923076923077
0 0.7764423076923077 0.33653846153846156 0.02403846153846154 0.014423076923076924
0 0.7932692307692307 0.3389423076923077 0.009615384615384616 0.014423076923076924
0 0.7980769230769231 0.3401442307692308 0.004807692307692308 0.01201923076923077
0 0.8137019230769231 0.3401442307692308 0.016826923076923076 0.01201923076923077
0 0.8245192307692307 0.3425480769230769 0.009615384615384616 0.01201923076923077
0 0.8317307692307693 0.3425480769230769 0.009615384615384616 0.01201923076923077
0 0.8449519230769231 0.3425480769230769 0.016826923076923076 0.01201923076923077