0 0.9615384615384616 0.49158653846153844 0.07692307692307693 0.04567307692307692
0 0.8918269230769231 0.5024038461538461 0.08173076923076923 0.052884615384615384
0 0.9002403846153846 0.4795673076923077 0.036057692307692304 0.021634615384615384
0 0.9170673076923077 0.4543269230769231 0.06009615384615385 0.038461538461538464
0 0.875 0.4543269230769231 0.0673076923076923 0.038461538461538464
0 0.8569711538461539 0.484375 0.06971153846153846 0.040865384615384616
0 0.8329326923076923 0.5048076923076923 0.026442307692307692 0.028846153846153848
0 0.7992788461538461 0.5036057692307693 0.05048076923076923 0.036057692307692304
0 0.8100961538461539 0.5252403846153846 0.03365384615384615 0.026442307692307692
0 0.8076923076923077 0.4723557692307692 0.03365384615384615 0.026442307692307692
0 0.7764423076923077 0.47836538461538464 0.04326923076923077 0.028846153846153848
0 0.7716346153846154 0.5324519230769231 0.052884615384615384 0.036057692307692304
0 0.7608173076923077 0.5120192307692307 0.040865384615384616 0.03365384615384615
0 0.7848557692307693 0.49278846153846156 0.08413461538461539 0.038461538461538464
0 0.7391826923076923 0.4795673076923077 0.036057692307692304 0.026442307692307692
0 0.7103365384615384 0.49278846153846156 0.06971153846153846 0.04326923076923077
0 0.6887019230769231 0.5264423076923077 0.07451923076923077 0.052884615384615384
0 0.6935096153846154 0.5540865384615384 0.06971153846153846 0.03125
0 0.6814903846153846 0.5024038461538461 0.07451923076923077 0.028846153846153848
0 0.65625 0.4987980769230769 0.04807692307692308 0.03125
0 0.6117788461538461 0.5420673076923077 0.09375 0.055288461538461536
0 0.6237980769230769 0.5757211538461539 0.0889423076923077 0.05048076923076923
0 0.5661057692307693 0.5913461538461539 0.05048076923076923 0.04326923076923077
0 0.5516826923076923 0.5612980769230769 0.040865384615384616 0.036057692307692304
0 0.5252403846153846 0.5697115384615384 0.03125 0.03365384615384615
0 0.5288461538461539 0.6286057692307693 0.028846153846153848 0.036057692307692304
0 0.53125 0.5973557692307693 0.03365384615384615 0.040865384615384616
0 0.5673076923076923 0.5276442307692307 0.09615384615384616 0.040865384615384616
0 0.4951923076923077 0.5420673076923077 0.038461538461538464 0.03125
0 0.6814903846153846 0.44471153846153844 0.040865384615384616 0.02403846153846154
0 0.6454326923076923 0.45072115384615385 0.040865384615384616 0.026442307692307692
0 0.5985576923076923 0.45913461538461536 0.03365384615384615 0.02403846153846154
0 0.5721153846153846 0.46274038461538464 0.028846153846153848 0.021634615384615384
0 0.5396634615384616 0.46274038461538464 0.04567307692307692 0.026442307692307692
0 0.4735576923076923 0.47836538461538464 0.02403846153846154 0.014423076923076924
0 0.4891826923076923 0.47475961538461536 0.01201923076923077 0.01201923076923077
0 0.4567307692307692 0.4807692307692308 0.014423076923076924 0.014423076923076924
0 0.15625 0.5925480769230769 0.0673076923076923 0.055288461538461536
0 0.10576923076923077 0.5889423076923077 0.038461538461538464 0.02403846153846154
0 0.109375 0.5757211538461539 0.04567307692307692 0.016826923076923076
0 0.17307692307692307 0.5661057692307693 0.019230769230769232 0.016826923076923076
0 0.05889423076923077 0.5805288461538461 0.06490384615384616 0.05048076923076923
0 0.018028846153846152 0.5637019230769231 0.036057692307692304 0.036057692307692304