0 0.9375 0.6514423076923077 0.08173076923076923 0.038461538461538464
0 0.8689903846153846 0.6358173076923077 0.07932692307692307 0.04567307692307692
0 0.8834134615384616 0.6177884615384616 0.036057692307692304 0.019230769230769232
0 0.9086538461538461 0.5985576923076923 0.057692307692307696 0.03365384615384615
0 0.8701923076923077 0.5853365384615384 0.0673076923076923 0.03125
0 0.8389423076923077 0.6081730769230769 0.0673076923076923 0.03365384615384615
0 0.8100961538461539 0.6165865384615384 0.02403846153846154 0.026442307692307692
0 0.7788461538461539 0.6057692307692307 0.04807692307692308 0.03365384615384615
0 0.7848557692307693 0.6298076923076923 0.03125 0.02403846153846154
0 0.7992788461538461 0.5793269230769231 0.03125 0.02403846153846154
0 0.765625 0.5721153846153846 0.040865384615384616 0.02403846153846154
0 0.7439903846153846 0.6237980769230769 0.05048076923076923 0.03125
0 0.7391826923076923 0.6009615384615384 0.040865384615384616 0.028846153846153848
0 0.7692307692307693 0.5901442307692307 0.08173076923076923 0.03125
0 0.7331730769230769 0.5625 0.03365384615384615 0.02403846153846154
0 0.7019230769230769 0.5673076923076923 0.0673076923076923 0.038461538461538464
0 0.6682692307692307 0.5901442307692307 0.07211538461538461 0.04567307692307692
0 0.6622596153846154 0.6177884615384616 0.06971153846153846 0.02403846153846154
0 0.6694711538461539 0.5637019230769231 0.07451923076923077 0.021634615384615384
0 0.6478365384615384 0.5516826923076923 0.04567307692307692 0.026442307692307692
0 0.5901442307692307 0.578125 0.09375 0.04567307692307692
0 0.5913461538461539 0.6129807692307693 0.08653846153846154 0.04326923076923077
0 0.53125 0.6081730769230769 0.04807692307692308 0.038461538461538464
0 0.5288461538461539 0.5733173076923077 0.038461538461538464 0.03125
0 0.5024038461538461 0.5733173076923077 0.028846153846153848 0.03125
0 0.48197115384615385 0.6298076923076923 0.026442307692307692 0.03365384615384615
0 0.4963942307692308 0.6033653846153846 0.03125 0.038461538461538464
0 0.5516826923076923 0.5504807692307693 0.09375 0.03365384615384615
0 0.4807692307692308 0.5384615384615384 0.038461538461538464 0.028846153846153848
0 0.6899038461538461 0.5108173076923077 0.038461538461538464 0.021634615384615384
0 0.6538461538461539 0.5036057692307693 0.038461538461538464 0.021634615384615384
0 0.6069711538461539 0.49399038461538464 0.03125 0.021634615384615384
0 0.5805288461538461 0.49038461538461536 0.026442307692307692 0.019230769230769232
0 0.5492788461538461 0.47836538461538464 0.04567307692307692 0.02403846153846154
0 0.48197115384615385 0.4699519230769231 0.021634615384615384 0.01201923076923077
0 0.49759615384615385 0.4735576923076923 0.009615384615384616 0.009615384615384616
0 0.46634615384615385 0.4675480769230769 0.014423076923076924 0.01201923076923077
0 0.14543269230769232 0.4699519230769231 0.06490384615384616 0.05048076923076923
0 0.10096153846153846 0.4483173076923077 0.038461538461538464 0.021634615384615384
0 0.10697115384615384 0.4387019230769231 0.04567307692307692 0.01201923076923077
0 0.17067307692307693 0.45072115384615385 0.019230769230769232 0.016826923076923076
0 0.057692307692307696 0.42427884615384615 0.0625 0.04567307692307692
0 0.026442307692307692 0.3942307692307692 0.03365384615384615 0.03365384615384615