0 0.31009615384615385 0.5084134615384616 0.03365384615384615 0.016826923076923076
0 0.31009615384615385 0.5240384615384616 0.03365384615384615 0.014423076923076924
0 0.33653846153846156 0.5228365384615384 0.019230769230769232 0.016826923076923076
0 0.3858173076923077 0.484375 0.04567307692307692 0.036057692307692304
0 0.3870192307692308 0.5108173076923077 0.04807692307692308 0.036057692307692304
0 0.44711538461538464 0.4891826923076923 0.07692307692307693 0.036057692307692304
0 0.4423076923076923 0.515625 0.0673076923076923 0.036057692307692304
0 0.5192307692307693 0.5144230769230769 0.08173076923076923 0.038461538461538464
0 0.5132211538461539 0.5240384615384616 0.07451923076923077 0.03365384615384615
0 0.5793269230769231 0.5336538461538461 0.014423076923076924 0.019230769230769232
0 0.6117788461538461 0.5288461538461539 0.016826923076923076 0.019230769230769232
0 0.6033653846153846 0.5492788461538461 0.028846153846153848 0.016826923076923076
0 0.9387019230769231 0.5733173076923077 0.036057692307692304 0.026442307692307692
0 0.9651442307692307 0.6081730769230769 0.021634615384615384 0.028846153846153848
0 0.9879807692307693 0.6033653846153846 0.02403846153846154 0.028846153846153848
0 0.9735576923076923 0.6394230769230769 0.052884615384615384 0.038461538461538464
0 0.9495192307692307 0.6694711538461539 0.02403846153846154 0.040865384615384616
0 0.9891826923076923 0.5769230769230769 0.021634615384615384 0.019230769230769232
0 0.9723557692307693 0.5757211538461539 0.01201923076923077 0.021634615384615384
0 0.9290865384615384 0.5024038461538461 0.021634615384615384 0.009615384615384616
0 0.9435096153846154 0.5024038461538461 0.007211538461538462 0.009615384615384616
0 0.9074519230769231 0.5024038461538461 0.01201923076923077 0.009615384615384616
0 0.8966346153846154 0.5024038461538461 0.014423076923076924 0.009615384615384616